27 1 243 9
1 2 1
9000
-2.24355
-4.52982
-3.25737
-1.2451
-3.58834
0.130004
-1.83874
-1.82223
1.42674
0.355831
-3.13051
0.193878
-1.96124
0.129402
-0.364545
-3.67946
-3.82699
-3.70073
-4.66337
-0.492111
-0.331228
-0.6253
-0.415164
-3.15996
-0.689798
-0.0931861
-2.14082
-1.50973
-0.773673
-1.61047
-0.679115
-0.826129
0.212162
2.28572
-1.84798
-0.538626
-2.32102
-1.64154
-3.39776
-2.06077
-1.49244
-1.74875
-2.13242
1.1372
-3.28142
-0.491108
7.55904
0.578045
-0.4583
-0.285278
-0.273602
1.00299
0.118235
-0.909902
-0.237263
-1.31243
-1.25443
0.624119
0.797828
-2.24274
-1.75978
0.0530907
2.16855
-2.85942
-1.29593
-0.144411
-1.43742
-2.09568
3.38242
-0.366296
0.32964
-2.25401
3.29098
-1.62064
-0.333196
-1.22275
-1.09174
-3.05716
-0.69368
-1.22908
-1.64114
-0.914562
-0.321613
-1.51474
-1.69449
-3.22644
0.855528
3.25653
-0.59152
-2.76705
-0.358828
-1.17734
-2.96263
0.780721
1.86533
-0.955634
-1.65048
-0.455471
-0.907359
-1.0566
1.4571
-0.111811
-0.433153
-2.61554
-2.77921
-2.44756
-1.36869
-2.19387
-0.879303
-1.66267
-0.481652
-2.69418
-0.588308
-2.59619
-3.13115
-0.88017
-1.23185
1.20527
-1.85164
-2.46498
-1.24462
-0.179648
-1.14422
2.52926
-0.07442
1.24067
-2.17961
-2.73332
-0.752266
-3.54254
-3.29232
0.625867
-0.406801
-1.62798
-0.620596
-1.29779
-1.34263
-0.501539
-1.65364
-2.09574
-0.335608
0.229564
0.11406
-0.324845
-0.680656
0.444732
-0.1551
-0.2309
-0.0037264
-1.82488
-3.62835
3.22963
1.2717
-4.69842
0.397287
-4.09772
-1.85459
-3.38481
-0.257203
-0.782998
-1.83273
-1.3817
0.772965
-1.48475
0.425865
-0.84549
-0.345689
-0.844195
-1.09255
-1.80447
-1.13706
-1.13227
-1.53114
0.884914
-1.07581
-2.30965
-0.746852
-1.40218
0.277023
-0.320005
-0.00313863
-1.28229
-3.42594
-1.64635
-1.98929
-1.74516
-3.04446
-1.43209
-1.46148
-2.59264
-1.08532
-0.00304659
-1.99861
-0.24459
-0.821061
-0.510609
-0.236966
-3.33382
-3.33876
-0.380665
-1.10662
3.92109
0.101391
-1.94101
-1.98046
1.52598
3.72262
2.60771
1.86372
2.66045
-1.80848
-3.58183
-3.36611
-1.79883
-3.17236
-2.22655
-0.520891
-1.3136
-2.74719
-2.73333
-2.08934
-1.08409
0.0618884
-2.56053
-2.25102
-3.05806
-1.65543
-3.06198
-2.85177
0.285523
-2.29751
-1.95359
-2.31088
-0.563475
1.93262
-3.1095
-4.60396
-4.86728
-2.19488
-0.22319
-3.02731
-1.03843
2.86098
-2.06033
-0.796557
-0.0845862
-1.81591
-2.87634
-1.51021
-2.35796
-2.19124
-3.50624
-1.14768
0.0739575
-0.565622
0.122082
-2.57105
-3.25601
-1.22622
-2.13914
-0.669821
-2.1063
-4.44875
0.109871
-2.42358
1.50167
-0.835768
-4.12771
0.636619
0.476389
4.72765
0.0465074
-0.652133
-1.28843
-1.88859
1.23587
-1.46962
-0.666634
-1.42959
-1.43238
-1.21206
-1.4277
-0.887997
-2.64189
-1.60448
-2.47092
-1.0806
0.423149
-0.563911
-2.02903
-4.3931
1.81991
-0.835183
-2.81218
0.445982
-1.34143
-6.99464
-2.31324
2.34502
-0.664545
-3.09962
-1.89479
-0.683743
-1.74456
-1.07539
-1.49384
-1.52389
-2.19819
-1.26515
-1.25969
-1.11605
-1.76303
-2.05487
-3.52311
-2.84623
-0.477442
-1.67483
-0.12685
-3.27725
-1.47835
-1.34649
-1.85421
-0.38554
-2.09595
-3.33834
-1.3617
-0.885052
0.545621
-0.934823
0.634461
0.390589
1.932
0.0666231
1.14028
0.479379
-0.250929
-1.41374
-2.81161
0.294106
-2.12367
0.0146268
-2.03883
2.19689
-2.08337
0.858448
0.521934
1.15691
2.40229
-3.80227
-3.99768
0.267906
-3.64375
1.32647
0.8088
-2.4079
-1.29487
-1.06741
1.1969
-0.327008
-1.68073
-1.86808
-1.00123
-1.40665
-1.98409
-0.634403
1.19106
-0.566722
-1.77513
-2.57158
-2.29871
-0.159519
-4.13335
0.665885
-1.76378
-3.26179
-0.237163
-3.57133
-1.95779
0.116798
-2.584
-4.06592
-5.28655
-1.66377
-0.575851
-1.22083
-0.802942
0.517071
-2.30472
-0.601465
1.57379
-1.63696
0.612478
-1.29421
-2.59883
-1.76775
0.134661
-1.97523
-2.44628
-0.193229
0.512036
-2.84063
-1.39299
-4.11239
1.36333
-1.73188
-4.7111
-0.669697
-2.17575
-0.214923
-1.26274
0.311551
-1.92197
-1.36412
-1.4959
-0.443954
-2.05003
-1.06111
-2.43779
-0.485601
-1.66388
-0.510055
0.481944
-0.847312
-3.14867
-2.31842
1.82972
-1.92121
-2.01607
-2.89527
-0.649962
-2.73926
2.83241
0.352603
1.19475
-4.41594
2.4951
-6.46938
-4.60759
-2.74787
-0.563175
-0.990283
-1.87013
-0.855963
2.08989
-1.66081
0.190846
0.904667
-0.504825
-2.47274
-1.05037
-1.36648
-0.760173
-3.04917
-0.850139
1.46926
-1.36216
0.0820228
-2.76138
-3.74368
-2.91162
-1.14335
3.7666
-2.19256
2.52992
0.269629
-1.50695
0.850641
-1.27004
-1.32997
-1.40204
-2.11023
-2.07976
-2.9865
-1.93217
-1.29035
-1.80467
-0.81781
1.47793
-0.570248
-3.61619
-1.25797
-3.014
1.13968
-3.81182
-0.0163277
1.06739
-2.67016
-2.5675
4.14768
-2.29763
1.32178
-0.255123
-2.52369
-2.38185
-1.51501
-1.5768
-2.70501
-1.4462
-1.35952
-3.37929
-3.06279
0.16561
-1.78474
-1.28355
-1.26993
-1.20786
0.856824
-0.0988765
-2.00195
-2.52009
-0.827774
0.92525
0.253908
0.757183
5.12732
-2.53146
-0.823772
2.67651
-0.197196
-2.73969
-0.217473
1.21483
2.5205
-2.71265
-1.15755
-2.92947
-3.01531
-1.31579
-2.8732
-3.01841
-2.71445
-2.61676
-1.41882
-0.34568
-0.131841
-0.488059
0.614463
-1.41593
-2.45616
-0.0497388
-0.903705
-0.908447
-1.70922
-0.880372
-2.73718
3.02101
-2.53134
4.60154
-1.10816
1.10394
-2.81993
-1.12647
-1.02207
-1.21754
-1.42931
-2.06964
-2.15115
-1.63636
-1.32352
-0.0985582
-1.68284
0.949205
-2.32178
-0.813389
-0.487548
-3.02628
-0.968236
0.920963
0.430333
-0.105909
-1.08502
5.6049
-0.293968
-2.9323
0.387475
-2.7133
-3.28702
-1.93554
1.82623
-1.40875
-0.627073
-1.77198
-0.291353
-1.05169
-0.94046
-0.306848
-1.05239
-2.27
-0.831944
-1.57521
-3.23958
-0.578576
-0.669963
3.39539
-1.86351
1.55355
-0.483385
-0.828893
3.30504
-0.293977
-0.209798
-4.04789
-0.388133
-2.08357
-4.15924
-3.73802
-2.04839
-0.647056
-0.709285
-0.442235
-0.302725
-0.347946
1.11713
-0.773622
-0.443163
0.902704
-0.130428
-4.06051
0.523131
-0.0574404
-0.114677
2.37894
-1.63558
-3.01564
-2.21657
-1.73646
-3.74833
0.486092
-0.794867
1.14381
-4.22382
-1.77843
3.06428
2.95286
-5.54869
-0.186392
-0.74072
-1.29794
-0.776665
-0.332936
-0.872211
-1.6869
-0.478932
-0.299653
-1.7617
-1.71905
0.231548
1.45324
-0.831018
-1.79819
0.78406
0.0951971
-1.24347
-0.275625
-0.603364
2.9339
-0.835096
3.69277
1.21641
-1.64102
1.18233
-1.74487
-3.4793
-0.365474
-2.60303
-1.09785
0.0678866
-3.32571
-2.04539
-0.221854
0.375178
-0.901418
-0.0891592
-1.61679
0.536597
1.22537
-0.491857
-3.45626
-0.337049
0.175051
0.999827
0.656435
3.28188
-3.53004
-2.50155
-0.133596
2.25176
-2.39814
-2.44269
-2.74026
-3.46742
-0.0848183
0.397806
-0.0628191
-1.24544
-0.21519
0.286072
-0.0857247
0.0354863
1.22916
-1.23548
2.66519
-0.0243702
-4.39964
-2.33946
-5.02549
-0.734921
2.32107
0.391976
-3.02345
-3.17472
-3.39826
0.202172
-2.19685
-0.474464
-3.57082
-4.21458
-3.46489
1.42941
-1.30261
-0.697586
-0.278739
0.2044
0.0429965
-0.084446
-2.09025
-0.448278
0.233193
-1.59999
-1.34713
0.908921
-0.236
-1.41269
-0.091222
-1.20681
-1.2694
-0.367856
-1.54616
1.77655
0.171212
-0.665029
-3.81279
0.728917
3.62268
-1.67359
-0.774869
0.153652
-1.85321
-1.43789
-0.225951
-0.71065
-2.2315
-1.26524
-0.960044
-0.321739
-1.22174
-1.03391
-0.809998
-3.40844
-2.95079
-0.797127
2.90215
-1.55909
-1.28586
-0.930991
0.0645861
-3.38107
-4.9817
4.66642
-4.57582
-0.653445
-4.06466
1.76562
-2.61481
-4.65292
-0.619052
1.72008
-0.977417
0.757838
-1.52764
0.364809
-1.81748
-0.523159
0.307042
-0.964186
-0.151544
-2.11646
-3.66361
-0.372509
1.79255
-1.80435
-2.43842
-0.907738
-0.509128
-0.442301
4.76234
3.63617
-3.06456
-4.97535
-0.552615
-5.28363
-4.28779
-3.94272
-1.11646
-1.73052
-1.75832
-1.36771
0.285889
-0.517249
-0.243358
-0.226743
0.117805
-0.909203
-0.529447
-1.08735
-2.79226
-1.78
-0.397576
1.04269
-0.772084
1.89989
1.24189
3.89316
-4.81927
4.05427
2.34197
1.83341
-2.51985
-4.31643
-2.19916
-2.52282
-1.50315
0.28299
-0.000368878
-0.514163
-1.07901
-0.180457
0.508602
-1.00868
-1.06445
0.0300197
-1.86217
-0.415729
-0.759729
-1.35507
-2.27702
1.66328
-0.361204
-3.00369
0.579192
-0.623417
-2.76654
4.48368
-1.27865
0.399717
-6.18285
-3.16443
-6.20419
0.132719
-0.591193
-1.50468
-1.10598
-0.650224
-0.693384
-1.54574
-1.00586
0.216038
-1.13072
-1.31943
2.4776
-0.560956
-2.37526
1.59195
-2.23513
-1.74229
3.31462
-1.18362
-1.80483
-5.26099
0.36053
2.54933
-4.05557
0.802705
5.39056
-6.63826
0.410111
2.12323
-1.21919
-0.136064
-0.150457
-0.886998
-1.49407
-0.380471
-0.818632
-0.836758
0.52297
-0.534685
0.254553
-0.694913
1.48865
0.49075
-1.95302
-3.84341
0.112174
0.466204
-0.8576
-0.746733
-0.833757
-2.483
-0.367074
0.71249
6.76993
-1.37805
-1.72079
-1.94629
-1.69142
-1.02241
-1.7861
-1.03721
-3.74234
-1.24447
-1.76599
-1.31148
-2.01513
-1.61311
-4.41773
-4.38477
-0.0930101
-3.45099
0.836994
-2.13397
-2.92848
-0.985564
-2.1854
-2.45729
3.20999
-3.46522
-5.32864
-1.92274
-5.91834
-2.18217
-6.91138
-0.459792
0.597835
-1.61613
-1.12573
-0.661216
-2.31198
-0.288
-1.09055
-1.9048
-2.34137
-1.1196
-1.58827
-3.9345
1.70063
-1.80988
-0.531445
-0.459624
1.59859
-1.40869
0.240628
1.91375
-3.1071
-2.50945
-1.71325
0.883136
-1.54461
-2.51273
-1.01796
1.62519
-1.01693
0.705294
-0.902797
0.881052
-0.880113
-0.0897503
-1.23029
-1.14882
-1.71004
-0.0686444
-0.998665
0.135991
-0.455728
-0.354106
-3.0125
-2.5552
0.223367
-4.30412
-0.161288
-2.93617
-3.48162
-3.49512
-4.39283
1.18995
-2.47413
-3.30214
1.44543
-6.05056
1.24094
-0.582944
1.03921
-0.876436
0.117781
0.543657
-0.296493
2.02025
0.285063
-3.02237
-1.59172
-3.06323
-1.32235
-3.47324
-0.606923
-2.67348
-1.61171
-2.7054
-2.5641
-3.16943
-2.14335
-1.10665
-1.27309
-3.61538
-0.416694
-0.957962
-1.09258
-1.23054
-2.8977
-2.135
-1.46746
-1.79024
-0.837304
-1.57368
-2.47578
-2.5368
-1.73188
-0.120032
1.35018
-1.96626
1.0928
-2.74263
1.04153
-1.079
1.08032
-1.71785
-0.359795
-5.35456
0.232347
-2.50313
4.60251
-0.970553
5.16597
-1.68935
-1.67588
-0.655044
-0.896742
-1.49271
-0.61789
-1.01514
-3.58806
-1.21883
-0.252688
-0.0886217
-0.352405
-1.41138
0.101384
-1.08846
-1.77634
-3.5059
1.00275
-2.14815
1.49571
-0.620994
0.782076
3.57289
3.46683
2.59686
-2.26709
-1.95917
0.418272
-3.71611
-1.98114
-1.92957
-1.54007
-0.678074
-0.289967
0.918086
-0.245888
-1.34453
-0.689122
-1.02001
0.0185878
-1.37852
-1.65321
-2.23535
-1.61318
-1.19678
3.38146
-3.84578
-1.10146
0.855076
-2.09625
-0.100091
-0.351491
-2.87456
0.683587
-2.49518
0.234988
-0.129714
2.85924
-3.62845
-0.987898
0.404903
0.421382
-2.19016
-1.46758
0.256032
-1.09873
-1.99004
-0.73622
-1.27043
-0.372037
-2.73417
-0.484466
-2.13078
-4.28968
2.00873
0.702155
0.751545
-2.09805
-2.89057
-0.969892
0.595213
-2.40384
0.588064
-2.24029
-2.73581
2.15789
5.7844
-2.07582
-0.193595
-1.06959
-1.69172
-0.476537
-1.60454
-1.32265
-2.12917
-1.89364
0.699214
1.9731
1.75325
0.582062
1.31731
-5.73345
-0.378926
0.821392
0.386583
-3.07543
-5.75086
-5.11723
-2.68535
-6.54267
3.20842
6.86601
0.435207
1.05058
5.06538
1.24558
-0.359755
-0.790685
-0.628566
-1.82382
-0.790468
-0.913866
-0.150646
-0.633151
-1.9778
1.49908
-2.43726
-2.57692
-1.22327
-1.24745
0.126938
-0.717254
-2.48462
-2.08636
-2.76022
-4.22899
-3.25253
1.73608
-1.0163
-2.10401
-2.41892
-2.53876
-0.870023
-0.164458
0.730542
0.881505
-1.54166
-0.751759
-1.73278
-0.895094
0.686003
-0.565879
-0.418897
-0.390022
-1.53322
-3.72197
0.251993
-2.06001
-0.862661
-1.9535
-1.54641
-1.85351
-2.57053
-1.00212
-1.35084
-2.32382
0.331835
-4.93192
-2.23098
-7.35441
-4.20463
-0.374068
-0.654846
-0.653257
-1.5673
-1.97401
-0.0744085
0.265355
0.0705525
-1.2861
-1.76546
-2.73606
0.986039
1.0177
-0.420679
-3.54844
-2.20021
-1.15819
0.193092
-3.95056
-2.76682
-4.48985
-2.25176
-2.85009
1.10619
-1.73963
-3.1896
-3.84039
0.376277
0.532398
-1.71681
-0.836537
-0.271596
-2.34028
0.566138
-0.508452
-0.73629
-0.358479
-1.27283
0.576421
-1.74232
-1.52062
1.12885
1.06982
-0.702506
-2.93293
-0.387896
-1.23114
-1.94181
-1.37973
-1.2949
2.93218
-0.780755
0.270493
2.60011
-0.773695
3.87815
-1.5403
0.347003
-0.217455
-1.72044
-0.997838
-1.4973
-1.5305
-1.19622
-1.11859
-1.28775
-2.59959
-1.00794
-1.15601
1.86941
-1.79299
0.625526
1.05494
-1.21155
-3.63726
-2.039
1.72296
-1.12372
-3.1423
0.466301
-4.92174
-3.80913
-4.131
2.76471
1.34307
-1.37359
-0.106654
-0.697027
-0.354792
-1.1281
-1.04211
-0.709074
-0.482691
-0.396638
-1.09581
-1.49237
1.14718
-1.83184
-0.537673
0.319303
1.44625
-2.01074
-1.35471
-0.712554
-0.289854
-3.24921
-0.461309
1.6062
-4.19392
-3.43054
1.01624
-4.24594
0.227991
-0.460953
0.349622
-0.0798839
-1.85965
-0.957513
-1.57462
-0.92462
0.709138
-1.24794
3.42528
-1.87315
-0.94296
-3.49052
-2.02969
-3.23139
-0.973047
-1.37402
-1.95472
-2.66173
-2.04273
-0.772132
4.33501
-2.11176
-2.72758
-1.21412
0.544291
-1.69526
-2.57916
-0.739075
-0.409084
-1.84652
-0.1586
0.127783
-2.72754
-0.663132
-0.298885
-0.478313
-3.24353
-1.85808
1.43804
-2.86814
1.50697
1.24106
-3.13228
-0.363372
2.21304
-4.17895
0.620568
1.03262
1.64902
-1.13685
-4.17874
1.6913
-0.883503
-3.34393
1.98637
0.209144
-1.39124
-0.64768
-1.25068
-0.225385
0.903848
0.37874
-1.66589
-1.12322
0.688047
-3.24444
-0.856907
-0.0503637
-5.29457
-0.276115
-1.38709
1.75674
-0.94085
-2.96257
0.105986
-3.80978
-3.44483
-0.0170556
2.80876
0.320952
-2.62779
3.92217
-1.54975
0.0433813
-1.57953
-0.779453
-1.67741
-1.87329
-0.73366
-1.21609
-2.58074
-0.668635
-1.374
-0.901846
-1.13752
-0.659788
-0.203742
-1.00702
-0.0590008
0.209994
-0.0600953
-2.13156
-3.06054
3.96311
0.53207
-1.96545
-0.590904
-2.4887
-0.218423
3.16872
-0.04823
0.106664
-2.03725
-1.66092
-1.95328
-0.613705
-0.763309
-1.73084
-0.897663
-0.166506
0.0980301
-0.239282
0.433772
-0.270995
3.67899
-2.45975
-0.48629
-3.37657
-1.03801
-3.12587
-1.21333
-1.10117
-4.4386
-1.66997
-3.91742
5.43857
4.23663
4.56259
-1.19954
-0.576056
0.515559
0.524542
0.448968
-0.263598
-2.17761
-0.266495
-1.05497
-1.87989
-2.02529
-1.32434
-4.7481
-1.21335
-4.0587
-0.765557
-1.27625
-2.01997
-1.27136
-1.46447
-1.13385
2.32238
0.0952605
0.0317959
-5.42154
-1.13375
-5.51302
-4.44372
-1.47674
-1.65235
-1.37359
-2.60557
-1.63045
-2.26636
-1.66419
-0.494569
-2.83306
-1.01381
-0.945529
-0.303388
1.44926
0.465156
-2.3705
1.16674
1.13549
1.8107
-2.72735
5.75759
0.770438
-2.09964
0.642749
3.38706
-1.88923
-3.27387
-2.27317
-3.0784
-0.997981
-0.338838
0.159966
-0.293327
-1.23232
-0.5982
-1.00384
-0.404985
1.44106
0.04535
-0.887862
-0.294754
-0.0470496
-0.802165
3.68202
-2.87441
-0.176866
-0.29313
0.595056
2.82883
-1.46637
3.59156
-2.25686
0.0196659
-2.42888
-2.3903
-2.98183
1.36243
-1.59865
1.19049
-0.48138
0.397196
-3.46136
0.447217
-0.589605
0.154036
-2.00122
-1.4724
0.699475
-0.210155
-2.89213
0.0156193
-3.35747
-0.589043
-0.86891
1.10015
2.61808
-4.7082
-1.16799
5.33213
-2.56852
1.21292
-2.3193
5.38978
-4.29606
-3.93029
-0.944447
-1.19813
-0.950481
-1.90717
-2.95961
-0.0583442
-2.1665
-0.391745
-0.718046
-0.454751
0.777227
-1.50917
-3.49939
2.30455
-0.254469
-2.91277
-0.906252
-0.503199
-1.93708
-2.44132
0.0649557
-0.603697
0.510129
0.269077
6.889
-5.39966
-3.95048
0.663869
-2.41233
-0.926711
-0.19487
-3.04526
-1.42217
-0.57916
0.898193
-1.05881
-1.1568
0.283244
-1.57952
-0.922226
-0.902957
-0.363798
1.24632
-0.84544
-1.29531
0.127398
-0.695164
2.47494
-1.47158
-1.514
-2.69835
-0.868181
-3.46356
2.27187
-4.44115
-1.37252
-1.31897
-0.832924
0.502239
0.936732
0.718123
-0.793171
-0.678346
1.0015
1.0561
-1.57354
0.198658
-0.199736
-3.10584
-0.343842
0.82672
-0.932362
0.527902
1.2925
-1.07978
0.658895
5.77233
3.57403
-3.56996
-1.7071
-3.55519
0.14348
-2.5467
-4.85561
-0.866788
-2.60345
-0.422583
-1.48672
-0.262215
0.658058
-1.41236
-1.85938
0.164203
-0.263618
0.794926
-2.1047
-0.354432
0.225787
2.55771
-1.5339
-0.0430212
-0.780956
-1.64136
-3.63636
4.59882
-3.05846
-1.32926
-3.72836
1.86896
-1.56042
0.878679
0.105782
1.65772
0.00863676
0.089294
-0.0899155
1.0109
-0.128127
0.0984076
-0.176302
1.32071
-1.6209
-0.242894
2.12618
1.21062
0.202223
-0.950837
0.682452
-0.53285
-1.9104
-0.156975
-2.31159
-5.64769
-2.31883
-3.14024
1.78591
1.77846
1.02813
3.79165
2.75581
-1.54868
-0.409912
0.239048
-0.865516
-2.60407
-2.08776
-2.36025
-1.60738
-1.86104
-1.23797
-0.935887
-1.87362
0.817589
-2.11773
-1.99248
-0.0863736
1.20324
-0.880525
2.52408
-2.02009
2.16351
2.27323
3.74305
1.241
-3.4499
0.48223
-4.40834
-4.9952
0.653227
-0.811594
-1.14325
-0.901277
-1.45312
-0.428462
-1.26195
0.00714586
-1.17813
-1.43502
-2.91953
-2.19526
1.07444
1.26625
-4.09855
0.034583
-0.519261
1.07251
-3.7415
2.51828
2.12472
-5.15383
-5.81898
0.00372907
-3.13958
-4.31598
0.00338815
6.77566
-0.731805
-1.0742
-2.51538
-2.03026
-0.128458
-1.65853
-1.77754
-1.42902
-2.49613
-0.962742
1.39564
-1.36755
0.554234
-1.41654
-2.50703
-0.463266
-2.18546
-0.963117
-0.490137
-1.00098
4.43086
0.565877
3.1861
-0.120498
-3.91973
2.13078
-3.32312
-2.2867
-2.89478
-3.04129
-1.52096
-2.33563
-0.619013
-0.71036
-1.79967
-2.19033
-1.32366
-0.474629
-1.40884
-0.257644
2.19816
-0.615657
2.68921
-1.75687
-2.59541
-1.7962
-1.70668
0.354797
-2.64441
-1.65471
3.2264
-4.30425
-4.22967
3.34763
4.38268
1.95503
-1.52855
-1.15931
-0.54377
-0.715693
2.41549
0.296635
0.286663
-0.994388
-1.17581
-1.97662
-1.50998
-3.17995
0.613595
-3.22789
2.25454
-2.29011
-0.869627
-1.3131
-3.12969
-2.95987
-1.66865
-4.50762
4.29935
-2.25083
5.50973
-4.45966
-1.46389
0.290269
-1.66831
-0.213868
-1.70861
-1.65484
-1.03283
-0.0231551
-0.191977
-0.0249353
-0.718442
-1.1954
1.74296
-2.12306
-1.4157
1.83042
2.10836
-1.3052
-1.58145
-1.64881
-0.575498
1.30649
-1.55872
1.92887
0.0308621
-0.839448
-0.176041
-2.08488
3.46892
-1.80315
-1.56159
0.366387
0.116386
-0.827939
0.500107
-0.599557
-0.479213
-1.05989
0.649041
-0.282061
-0.6028
-0.441034
-1.34531
-1.50082
1.49405
-2.12628
-0.827821
1.30714
1.49324
-1.48931
1.56436
2.33023
4.44401
-1.87749
1.76806
-4.07279
0.470138
-3.08285
-0.32679
-0.661389
-1.10658
-0.56065
-1.2435
0.303589
0.718718
-2.62872
-1.38116
0.532168
-0.274242
-0.381566
0.449454
-0.191232
2.73687
-0.322443
-2.429
-1.74682
-1.9595
1.49074
-1.47662
-1.32852
2.43643
-2.31656
0.490359
4.26944
-1.39568
-7.03696
-0.902161
-0.818222
-0.185463
-0.768697
-0.16962
0.956485
-0.0437818
0.359586
0.449702
-1.31042
0.345472
-2.19357
-2.04577
-0.225699
-4.54635
-0.453473
0.362952
-1.63478
-1.32226
-2.56605
-1.67086
0.663993
-3.55811
-1.15252
8.2772
-1.06561
-4.27473
-2.13949
-0.0342766
-0.527481
-0.768912
-1.93295
-0.814286
-1.36614
-0.245954
-0.013547
-0.188981
-0.472812
2.12672
0.109544
-0.0745625
0.185257
-2.91712
-1.99754
-1.74244
-1.11566
0.319477
0.905869
-5.84074
-3.7728
-2.73368
1.01487
-0.985684
-0.978087
-2.10729
1.75364
-2.18175
-0.50436
-1.36959
0.024056
-2.26915
0.485273
1.52442
0.524026
-2.1701
-1.32585
-2.36867
0.626866
-0.0177853
0.507335
-1.96931
0.441391
0.524383
-0.225029
-1.8586
4.57363
-0.385019
-0.859047
-0.923646
0.551557
-2.17574
-0.819401
-1.71755
0.979069
-1.02967
-2.57985
-0.611253
-1.1464
-0.589085
-1.33021
-0.973573
-0.466564
-0.327681
-0.421147
-1.76052
-2.67659
0.897722
-1.52896
-0.263651
0.907952
-0.44393
-2.10616
-0.279
-0.583712
1.71029
-1.94305
3.05394
-1.42401
-5.45978
1.89447
2.5093
-1.42122
-0.305781
-0.0632438
-0.949832
0.00394984
0.425063
-0.839552
-0.581844
-0.840698
-0.538448
-0.396488
-1.36466
-2.24276
-2.79438
-1.29163
-0.90694
-0.471353
-1.16343
-0.419788
-0.50171
2.08573
1.82274
0.462254
-2.78343
-1.15756
-1.33632
-1.98208
-1.75601
-2.83143
-0.0671309
-1.14457
0.0578038
-0.521782
-1.57732
-0.199224
-1.87353
-0.351895
-1.49504
-0.214321
-0.314759
0.358064
1.68171
-1.87436
-0.342777
-2.52
-1.67435
-0.473386
-1.52102
-2.38614
-4.82703
-1.13089
1.62428
0.243823
-4.76815
3.56906
0.435848
-3.45414
0.299964
-0.538696
-0.730718
-0.305884
-1.02042
0.157806
-1.2396
-0.010655
0.23843
-0.897938
-0.202254
-0.431921
-0.0456314
0.0920734
3.17338
-0.633682
-2.71702
-0.768338
-2.88605
2.09142
-0.50312
-2.67065
-1.16875
-1.62727
1.32436
1.36245
0.720806
-4.248
0.288145
-0.937296
-0.32436
-1.17253
0.00244138
-0.51536
1.067
0.514236
0.906119
-1.80784
-1.10606
-3.37446
0.9489
-1.20705
0.542695
-2.80567
-0.672409
-0.850918
-0.091897
0.749287
-2.65056
-1.14594
6.25945
-3.54021
-1.02935
3.41537
-0.292201
-1.61041
-1.08609
-0.720681
-0.566266
-2.2032
2.35742
0.128144
-2.27298
-1.73852
-0.369365
-1.65969
-1.07281
-2.75027
0.602709
-0.497108
1.17962
-2.01648
-1.41123
-3.05731
-1.26877
-4.65724
3.403
-2.12161
-4.4682
-2.44795
1.9746
2.0697
-0.796293
-1.73226
-0.32357
-1.98846
-2.5347
-0.882894
-0.288019
-2.67443
-2.28359
-0.943976
-0.728977
-0.976494
0.441344
-0.824169
0.111401
-1.0878
0.482451
-0.409663
-3.01451
-2.93932
-1.11661
-1.65643
-0.347142
-0.895751
1.85675
-3.72555
-1.08312
5.67451
-0.623485
1.5632
-1.03101
-0.859473
-0.622922
-1.47307
1.58696
-1.67064
-1.08742
0.454783
-2.6847
0.523075
0.412649
0.246428
-4.4455
-0.0649176
-0.607969
0.206419
-3.33148
0.179706
1.07503
-3.99765
-4.10256
2.13004
-0.741962
1.08519
-4.13343
3.66274
-2.68871
-3.31885
0.689636
1.79602
0.360147
0.94373
0.76538
-0.680014
0.961938
0.336869
0.936491
-1.01716
-0.476242
-1.98545
-0.979316
-0.117006
5.05288
-3.07627
-1.27135
-0.750937
-3.26084
0.960365
-0.918414
-2.64603
-1.55723
-1.2848
0.494185
1.27423
-2.2331
-2.78429
-1.4441
-0.061583
0.134604
-1.2885
-0.92255
0.394476
0.108854
0.878686
1.22284
-0.560993
-1.907
0.153429
0.0144836
-2.76661
2.15098
-2.05523
0.0952147
-2.87662
-0.592052
-0.276131
-1.6779
1.71348
1.94743
-2.30602
-2.32436
-1.78263
-3.37413
2.32919
-0.579921
-1.12558
-0.504992
-0.869638
-2.46472
0.328311
-0.602404
-0.499806
-2.80679
-1.02692
-3.81413
-3.79173
-1.02561
-3.90475
0.364853
-0.328575
-2.87062
-2.33995
-1.37699
-3.08485
-4.85378
-1.87693
-1.19478
-1.47975
-3.87869
1.38011
-4.25859
-5.66529
0.885521
0.289161
-2.59414
-0.1208
-2.70525
-2.08469
-1.75458
-1.06251
-1.84922
-1.33029
-2.05015
-2.27857
0.45987
-1.54436
1.89125
-3.4898
0.537589
-0.624075
-2.32866
4.02999
-2.80794
-2.19342
-5.1109
-1.21849
1.09897
-4.32109
-4.24271
2.70451
-1.69325
-0.554319
-1.12887
-0.80651
-2.89961
-0.692062
-0.464336
-0.341034
-2.29531
-1.07515
-1.217
-1.6329
-2.10465
-2.35318
-2.80291
-1.71447
-2.01312
-2.28832
-1.3657
-2.2917
-4.60127
-2.61575
-3.33245
-2.42297
-0.801773
-3.61785
-1.11971
-1.68061
-0.538816
-0.262606
-1.49279
-0.882835
-0.645164
-0.521376
-0.61829
-1.13843
-1.31926
-0.552856
-2.25327
-0.506642
3.14956
-1.84393
-0.888225
2.18707
0.586514
-2.92339
1.24212
-1.46678
1.71927
-2.73622
3.61554
0.359001
-3.37874
-0.159719
1.54163
-3.42518
1.52042
-1.05853
-1.22106
0.35317
-2.00807
-0.960022
-1.00985
-0.100468
0.0407594
-1.75083
-4.5144
-1.49979
-0.409712
-3.74178
-1.40206
-0.695464
-1.49393
1.80303
0.212007
4.57162
-0.624849
-0.845403
-6.4175
-0.456516
0.122393
-4.07704
-3.67665
0.362861
-0.335811
-1.64425
-1.54986
0.15532
-1.88711
-1.30633
-0.176456
-0.945087
-2.71543
-1.09889
-1.04602
-3.38384
-1.74901
-1.00518
1.00145
-3.42421
-0.388992
-2.66054
-0.0909504
-2.0803
0.151295
-3.77289
1.33306
-2.47573
-2.33649
-1.36296
-3.76707
2.18456
0.642761
-1.36557
0.678291
-1.27984
-0.963463
-0.467617
-0.702473
-0.122465
-1.76926
0.632535
-1.12185
-1.40983
1.06713
-3.18103
2.83214
1.03173
-1.77249
-0.77589
2.02206
0.245538
-0.0932491
-2.99169
3.2314
-0.751984
-0.529039
0.513961
0.610998
-2.63281
-0.382779
0.392503
-0.446053
0.83302
-1.53152
-0.918671
-0.1366
0.574809
-1.31327
-0.798394
-0.246527
-3.12617
0.0548607
0.384971
0.220646
-1.90895
-2.99779
-0.58839
-2.37828
-2.98765
2.49892
-3.56649
-2.80406
-0.21753
-1.67607
0.984463
-1.91547
-3.1035
0.224436
0.568747
-0.404095
-1.31332
-0.712934
-0.0869455
1.23098
-1.0372
0.857438
-1.16733
-0.10684
-2.05591
-0.738104
-1.66531
1.48714
-3.00786
0.222259
-3.21485
-1.81419
-2.42112
0.980484
-2.1417
-1.87713
-4.19243
0.557422
-3.13718
-0.290953
3.31836
-0.273724
-1.46112
-1.33512
-1.81017
0.0340393
-0.0615835
-1.80504
0.0400597
-1.54739
-0.703292
-2.51515
0.532153
-1.56697
0.502704
0.19918
1.2502
-1.04293
-0.548812
-3.01921
2.48619
-2.72536
-0.551117
-2.3992
-3.11507
-3.25506
2.39729
-1.25615
2.24141
-1.70662
-0.8682
-0.389286
-0.259663
3.09868
-1.49461
-0.539829
-0.31122
0.99723
-0.949149
1.73627
-1.22328
0.975264
-3.69567
-2.01653
-2.57137
0.561198
-5.06982
0.170223
-5.22412
-4.88752
4.85443
-3.28713
-0.865544
-3.34105
3.79384
-4.29541
-0.0930997
-1.41339
-0.645425
-3.04865
0.0599192
-1.96167
0.793593
-3.26963
-0.00915044
-2.69833
-2.22864
0.25311
-2.80456
0.769367
-2.52824
1.12687
-2.23349
-2.23639
-3.43849
-2.93491
-0.838234
-0.305969
2.24292
-0.398995
-3.85348
-2.62642
-5.06901
-2.38249
-0.54505
-3.09746
-1.98003
-2.65094
-2.063
-0.596572
-0.451503
-1.22317
-0.0354296
-1.58927
-1.24799
-1.97871
-0.511784
0.863777
2.09977
-4.43249
0.224622
-0.680356
-2.66133
-1.00286
-1.05988
1.09263
-1.79079
-0.0334285
1.41347
-1.79175
0.533479
0.274844
-2.47897
0.555485
-0.545485
-0.240422
-1.47619
-0.858858
-0.238979
-0.71798
-0.253869
1.01713
-0.864474
-2.10943
-0.263637
0.960202
-1.98727
-0.735309
-2.47753
-0.603323
0.698957
-1.57429
-1.07675
-1.30784
-0.895877
-4.73803
-0.330532
-2.71817
-1.94331
2.4964
-1.19718
0.518504
-0.0117289
-1.30973
0.429602
-2.19341
-0.631541
-0.537307
-2.33176
0.225295
-0.643387
1.13364
-1.93658
1.70411
-0.503725
-1.51108
-0.792853
1.29243
-2.27071
-0.651193
-0.595006
3.05987
-3.25209
-2.09439
2.78824
-1.50893
-1.95799
3.92869
-3.92329
-0.860294
0.192953
-1.3146
-0.59271
-2.27928
-0.66058
-0.0767986
-0.552692
0.0297095
-0.695642
-0.506931
0.0384236
0.238552
-1.63274
1.27673
0.209431
-0.351099
0.0176124
-1.95033
1.38436
2.72612
0.987761
-1.69606
-0.793128
-3.23603
3.55391
2.35155
3.02654
-0.306473
-1.30836
-1.55486
-1.15582
0.212314
-0.453905
-0.948193
-1.41408
-0.88103
-0.917127
-1.1602
-1.38666
0.531266
1.15411
-1.0827
-0.68152
-0.076916
-1.50651
1.35193
1.92097
0.696333
-0.710895
-4.05624
-0.521076
1.58536
-1.65104
0.683862
-1.11046
-1.25072
0.364517
0.0183259
-1.15408
0.75669
-0.612515
0.189553
-0.756542
-0.830977
-0.368716
-0.786959
-0.0778802
-0.828737
-0.483022
-1.49208
0.290942
1.02629
-0.115871
1.60572
-0.280514
-0.350235
0.747821
-0.613437
3.47707
5.17871
-5.18401
-2.55721
-1.20241
-1.21389
-1.36585
-1.50762
-0.73708
-3.29445
-1.85166
-0.746284
-1.08035
-1.14135
-0.330974
0.379698
-1.17972
0.151768
0.0163663
1.61005
-2.18796
0.00136784
-0.557249
-1.20174
-2.17694
0.360391
-0.741598
3.31954
-3.23664
2.04056
-0.149647
0.568145
3.79276
-0.98656
0.408851
-0.66914
-1.03111
0.235331
-0.981396
-0.708579
-1.80258
0.195592
-0.543722
-3.13316
0.973355
-1.74949
-0.0157789
-1.61952
-0.918904
1.94447
-1.57139
-2.07274
3.71097
-2.20201
0.127045
-3.87359
-1.96719
-5.49983
-0.999003
-2.82149
4.13544
-2.23292
-0.929393
-1.02709
-0.305215
-0.367643
-1.17756
-2.31387
0.0298791
-2.72011
-0.540376
0.158821
0.854051
-0.28262
-2.06223
1.79617
0.303953
0.0590328
2.01236
-1.92839
4.33579
-1.22815
-2.43593
1.87647
-0.20338
0.224033
-0.712056
-2.26491
0.856034
-0.727648
-0.475284
-0.235349
0.533665
-2.07263
-1.40287
-0.240473
-0.776134
-0.871909
0.156879
0.190495
0.0560004
-2.60225
-1.34862
0.277588
-1.69979
0.807711
0.944806
-1.0414
-2.12607
3.9803
-0.899538
-1.93525
-1.0352
-1.64885
-4.5958
3.8024
-2.99386
-0.426643
-2.66145
0.944806
-0.291701
-0.898509
0.20962
-1.11109
-1.02683
0.558488
-2.37227
1.52743
-1.92847
-1.87865
-2.19865
-2.82929
0.210883
-3.3782
-0.0647583
0.0284891
-4.80381
-3.9332
1.81311
0.414317
-0.167836
-3.32349
4.72461
-3.58846
-5.18
-2.36858
-1.53861
-2.36481
-1.79426
-1.01715
-1.29376
-3.03081
-0.632681
-0.262345
-2.06643
-6.232
-1.02132
-1.46477
-2.91298
2.50062
-0.999201
-2.84736
-1.54163
-1.29166
-1.40039
-2.55036
-0.732122
5.85593
-4.32016
-4.48015
3.88232
-1.05933
-6.20113
0.0766762
-2.02608
-2.63776
-1.88822
-1.97032
-0.734839
-1.92204
-1.45033
-1.13706
-0.919768
1.27279
-1.70472
-1.31033
-1.59112
-1.0826
0.609926
-2.49665
0.397481
-0.130471
-1.57036
-1.23094
-0.167949
-1.80515
1.59094
-2.97267
-3.7893
4.04453
2.83537
-0.164238
-0.665139
-1.07497
-0.347016
-0.669755
-0.457372
-0.210594
-2.1408
-1.64439
-0.118546
-0.863367
0.348172
-1.95965
1.85753
-2.07975
0.125293
-2.55646
-0.000405225
-0.401069
-2.44819
-2.12522
0.949785
-3.39349
1.56084
-3.67154
-3.8187
1.68757
1.83793
-0.479962
-0.968812
-0.819246
-0.93877
-1.52138
-1.22297
1.53764
-1.15666
-1.33114
-0.648102
-0.363791
-0.777309
0.58043
-2.95196
-0.407963
-1.44209
0.0686461
-3.3072
0.801301
2.03461
-0.35881
-3.35148
-1.4184
-1.52106
2.88503
0.150531
-2.10296
-0.775747
-2.0055
-0.707809
0.784699
0.323883
-0.179637
-1.17871
-0.243553
0.948897
-1.76915
0.0804818
-0.313123
-3.05495
-1.95061
-1.22112
0.854985
0.0651884
-3.12265
-1.10989
-1.17004
-3.12632
-1.90079
2.4063
2.33346
-3.19838
-1.55368
-2.4247
1.82976
-1.48938
-0.667214
0.5079
-1.45777
-0.0824517
0.363978
-1.61415
0.264489
-2.21191
0.43756
-0.629166
2.07649
-1.85488
0.29203
0.76406
-1.32205
-0.82308
-1.43969
-1.39136
-1.67821
-3.17656
1.47262
-4.20501
-4.79753
0.0396289
-2.81616
0.580891
3.24946
1.73149
-1.70757
0.0145479
-1.70097
-0.93359
-3.10785
-1.38179
-0.836615
-2.26834
-0.373658
-0.345911
2.26461
0.0110956
-0.0385653
1.01235
-2.48341
-1.68593
1.28688
-0.151151
-0.127278
-2.88281
-1.40949
2.61262
-4.82412
-1.373
6.99875
1.05628
1.17038
3.55969
0.0277797
0.216406
-0.469496
-0.0789853
1.85531
-0.230854
0.0444342
-0.685269
-1.46906
0.0480855
-2.38141
-0.460181
2.203
-1.94602
-3.7505
-0.480764
-2.38256
1.20467
-1.48352
-2.8869
-3.02386
-3.01871
3.80493
-0.121255
-4.55759
-2.04741
1.06782
-1.35255
-0.40183
-1.12308
-1.57295
-2.19753
-2.18939
-1.79374
-0.284777
-1.2729
-1.40503
0.426343
-2.66061
-0.365802
0.454775
0.755292
-0.0359466
-0.32615
-0.601353
0.899263
-1.56334
2.65806
0.503378
-3.18467
-5.28558
-0.489406
-2.11892
-0.820761
-3.53304
5.12165
-0.890026
0.362508
0.0335159
-0.14102
-1.36692
0.131327
-0.158536
0.285764
-1.97802
-0.85934
-0.525552
-1.06722
1.81298
0.299226
-1.14964
0.425393
0.886234
-0.300234
0.462424
-1.06434
0.254337
-1.44531
-0.763468
0.989819
0.296415
0.479744
-4.3431
3.1494
-1.00527
-0.994339
-1.26183
-0.399136
-0.603114
-0.847996
-1.63717
0.219102
-1.94526
-0.86423
0.170569
-0.676348
-0.0731168
0.42215
1.24685
1.49408
-1.73713
-1.13621
0.882361
0.752446
-1.36686
2.64867
1.12405
1.22979
1.24415
0.856502
-1.55221
-1.49028
-0.311461
-0.260025
-2.44035
0.349091
-2.51902
-0.658672
-1.35769
-0.920088
-0.0736451
-0.290309
-0.497695
0.864056
0.554559
-1.03654
0.93043
0.516333
-3.3082
-0.225472
0.170648
5.62387
-1.21412
-0.37
2.20824
-0.877578
-0.0549541
5.25618
-1.21578
-4.31502
-1.90308
0.137064
-1.16247
-1.09353
-0.681264
-0.735176
-2.01646
-1.16991
0.221654
-2.244
-1.89849
-0.033991
0.394329
-0.939383
-5.18104
2.2399
-3.25849
-1.16485
-1.45472
3.38858
-2.39812
-3.57308
0.376238
0.0566997
-3.1632
2.12744
-1.72597
-2.52563
-2.27374
-2.30335
-0.977408
-1.75408
-0.590592
-1.86193
-0.119166
-0.707451
-0.685167
0.469673
-2.90909
-0.807499
-0.984223
-3.41533
0.137679
-1.26854
0.57688
-0.740955
1.63682
-1.69696
0.344287
1.93299
1.52388
-0.445833
-4.53292
-2.75511
-3.77252
-4.33493
0.582229
0.263038
-2.15178
-0.0629036
-0.1474
-0.843902
-0.134726
0.0241556
-0.441474
-1.13075
-0.786074
-0.295414
-0.581366
-1.70526
4.49107
-1.45696
0.387889
-2.54647
-0.529453
2.34129
2.20717
2.87309
-2.71404
-2.45466
3.54754
-3.28387
-2.02636
4.51435
-0.36776
-1.07545
-0.245335
0.760104
-1.81211
-0.664128
0.348705
0.319815
-1.55008
0.607911
-0.884468
-1.43989
-4.21693
0.923124
1.34989
-0.4715
-1.92143
-0.231822
0.642408
-3.88388
2.66806
0.180847
-4.30562
-2.27567
3.5433
0.247872
-0.56457
3.2882
0.666495
-1.50474
1.68629
-1.04388
0.450721
-1.71869
0.903257
-0.593983
-1.05732
0.418327
-0.361803
-0.40962
-1.40414
-2.22309
0.341196
-1.70615
0.196416
-1.29955
-0.432572
-3.90253
1.64269
-1.72626
2.79272
-2.54802
-0.756181
1.46095
-2.30535
4.58969
1.24686
-1.39261
1.56971
-0.168868
0.400254
0.441637
-1.79153
-0.125882
-0.773124
-0.241271
0.540369
-0.143821
-0.456722
-2.36875
-0.853594
0.264594
-1.23035
-0.143359
-0.0798029
-1.37424
-0.50216
-4.18089
7.5494
0.478508
-0.854032
-3.22683
-1.14846
0.451086
0.328259
-0.205098
0.501259
-1.86158
-2.16173
-1.91513
-0.19582
-0.441797
-0.907518
-1.39538
-0.853832
-0.135484
0.415725
-0.983494
1.97339
-0.598423
-1.9975
0.405702
0.346926
1.30649
2.43994
4.82983
-0.0735627
-1.98703
-1.71639
-1.71622
-1.49655
-2.1846
-0.693907
-1.9738
-1.23248
-0.909945
-0.62299
0.197352
0.17844
-1.21924
-0.520723
-1.3443
-0.133982
-0.626066
-1.70928
1.37013
-0.535923
-1.10698
-1.99482
0.385825
-1.92479
-1.03497
0.133034
-3.0261
1.98441
-1.42699
-1.41679
2.0807
-0.869057
-1.66076
-0.551828
-2.03262
0.877368
-2.38538
-0.323524
-0.904985
-0.437486
-1.19405
0.0319729
-1.20773
1.42125
-1.83098
-2.68338
0.686125
-2.02872
0.709994
-0.791981
-0.553675
0.115799
1.71752
-4.2832
1.20375
6.19063
1.52352
-0.392188
-4.24496
-2.5214
-1.29203
-2.99505
-0.901088
-2.69527
-3.62403
-3.32688
-1.16477
0.599061
-0.626236
-1.39085
-1.14444
1.57713
-2.82623
0.310474
1.22419
-1.84988
-3.40288
-0.0184051
-1.89295
-2.06869
0.346122
-2.0065
-0.702134
-2.57065
-0.890822
0.661193
-2.76028
-1.02119
2.73103
-2.23779
0.56108
-2.5717
-1.1273
-2.50054
-0.351823
-1.46542
-0.0176851
-2.55668
-1.70667
-2.809
1.21228
-3.38605
-2.69445
-0.373806
-5.03944
-0.384676
-1.91136
-1.15034
-2.917
-4.42893
-1.98468
-2.42245
-0.392116
-2.58488
-3.29008
1.85676
-2.29543
0.0449054
-2.82203
-0.928225
-1.42676
-2.67413
-0.130428
-2.32692
-3.09691
-2.27338
-0.221491
-0.0545262
-1.95394
0.166811
-2.86051
-1.19401
-2.4308
-1.24645
-1.65394
0.544373
-0.165463
-0.474417
-1.61869
-1.73001
-1.4129
-2.04037
0.140093
-1.31487
-0.776779
-0.535188
0.177032
0.226689
-0.994152
-0.153786
-0.602941
0.358748
-0.67886
-0.852004
-0.981323
-1.15623
-0.639759
-3.49047
-0.591267
0.147809
0.276309
-4.02179
-0.13757
-1.17652
-1.59465
-1.9758
0.0290081
-5.16684
0.0230735
-0.913692
2.1796
-2.3705
-2.75951
-0.040596
-0.352751
1.00272
0.0285564
0.298327
-0.874055
-0.661932
-0.274192
-0.781289
-0.591334
-3.79771
-1.94268
1.28049
-1.86446
-5.44672
0.192627
0.246857
-0.0650619
0.83561
3.04912
-0.955673
-3.15046
-2.24248
-0.559139
-2.23576
-3.44239
-1.11028
0.904324
-0.238568
-0.862272
-1.04564
0.177593
-0.4708
-1.58898
-0.119072
-0.127735
-2.07829
-0.704529
-2.78726
1.98163
-2.91923
-2.03104
-1.91469
0.21378
-0.733648
-1.54693
0.26477
-4.71219
-4.93361
-0.514682
-3.40163
0.065665
-4.75469
-1.50696
3.4631
-0.327008
1.18813
-0.94215
-0.170367
-0.257934
-1.27798
-0.760213
0.427311
-1.65827
-1.54156
-0.792272
-3.02554
0.260397
-0.0298593
-0.262501
-1.34326
0.50364
2.05815
0.856426
-1.52783
1.72635
-0.580228
-1.4476
2.65841
3.13135
0.880665
-3.94724
-2.36413
-2.28484
-0.735226
0.623299
0.472319
0.116337
-2.07745
-0.738771
-0.714114
0.292124
0.357519
-0.768518
-3.65139
-1.8962
-0.21605
-3.0237
2.27887
-0.729386
-4.18902
-0.446321
2.34292
3.71782
-0.411218
-3.99976
-0.366999
-1.12105
-1.8263
5.87121
-1.16838
-5.15429
-1.0688
-0.979291
-1.52268
-1.44968
0.783112
-0.867493
-1.16989
-1.40729
-1.64784
-0.27103
-2.7181
1.26544
-0.263211
0.398875
-2.77242
-0.808803
0.30998
-0.439628
-3.74192
-2.60907
-3.5796
-3.85401
-3.76839
1.93768
-0.861733
-2.84007
-1.0979
-0.362214
1.45768
-0.668362
0.189748
-0.474811
-1.90326
0.28533
0.111555
0.00609739
-0.342055
-1.69694
-0.631699
0.298418
-2.19251
-2.97493
0.743725
-2.28002
-2.09814
-2.4566
-4.36602
-3.31942
-2.51835
-0.98162
1.22823
-4.40525
-3.85369
1.39884
2.05755
-2.92792
-1.91551
-1.2987
-0.472949
-1.54581
-2.51505
-0.832206
-2.55862
-2.62092
-1.30005
-1.36355
-2.28664
2.06688
1.89985
1.20054
-3.09543
-1.54643
0.763415
-2.28727
-2.02878
6.69062
-2.8857
-2.16184
-2.63338
1.48717
-1.83053
-1.13537
-1.97873
2.6317
-3.34868
-1.53591
-0.611783
-0.445968
-0.854741
-0.735627
-1.43642
-1.01495
-1.69397
-0.688249
-3.6749
0.465368
-1.71657
0.232439
-0.123331
-0.445248
-0.88858
-1.63319
-1.39227
3.53598
-2.91221
2.52151
-3.86572
-2.1883
-1.04075
0.792902
1.35019
-1.28848
-1.69821
-1.39544
-1.51627
-0.950215
-0.914166
-1.45743
-1.51596
-0.657692
-2.06549
-1.74588
1.47764
1.63435
-1.95486
-2.68671
-1.6015
0.674087
-1.13001
-1.10742
0.262315
0.0899476
-2.07473
2.77409
1.43986
-0.130493
-1.28613
0.8203
-0.576103
-0.626582
-3.00926
-1.10926
-0.888718
-0.582386
-2.6207
-1.21937
-2.73925
-1.55898
-0.541437
0.0891992
0.944991
-2.52062
1.01624
0.938844
-2.6595
-0.126472
0.94263
-1.66387
0.224134
-1.96065
4.89874
-4.2609
-3.54185
1.63746
-1.83525
-1.96523
2.79378
-0.100067
-1.35557
-1.60153
-0.81807
-1.65948
-1.29189
-1.39245
-1.38599
0.545596
-1.97752
-2.05951
-3.75417
-1.0161
-4.11865
-1.55619
-2.05027
-2.33101
2.44572
-1.21457
1.81556
-0.294656
-2.12358
1.65132
-0.82363
0.456101
-4.14279
-4.31187
-5.48986
-3.52776
-0.540632
-0.549962
0.120278
-0.352017
0.375805
-0.254341
-1.9288
-0.422284
-2.80299
-1.42501
0.182325
-1.76845
0.421789
-1.87366
-3.07404
-2.97208
-0.737536
-2.08972
1.99378
-3.41045
-1.63125
2.60824
-1.2974
-1.10022
-1.90348
-1.20983
1.62749
-3.58155
-0.757208
-1.44554
-2.27914
-0.1943
1.0753
0.0384387
-0.696754
-0.211888
-1.6285
-1.04886
-0.999441
-2.62893
2.15653
-1.49663
-2.14412
-0.888865
-1.71523
-3.45762
-0.368506
-2.76894
-0.23466
-3.57104
2.48408
-1.1773
-2.81943
-3.79798
0.347068
-1.77554
-0.973622
-1.05129
-2.72176
-1.72254
-2.15998
-0.670077
-0.191772
-0.12655
-1.1406
-0.848159
-1.13644
-2.39803
-2.00756
0.226014
1.50377
-1.34323
-3.80685
-0.45648
0.822929
-6.1426
1.50897
2.97406
8.19137
-4.27736
4.44868
5.72466
-0.876211
-7.20975
1.19923
-2.39927
-2.7926
-2.06869
0.960538
-2.30101
-1.5207
-1.4814
-1.11416
-1.55795
0.152
1.82671
-1.48534
-1.58992
-5.12042
1.14858
-5.13848
-2.92618
-0.227788
-3.7361
-2.16514
-5.65132
-3.69709
1.56386
-6.25162
4.35157
-1.45878
-3.23284
-0.77099
-1.72954
0.720629
0.182917
-2.86024
-2.16945
-0.513354
-0.110967
-1.32558
0.00575557
0.654432
0.00238525
-1.03507
0.618753
-0.364093
-1.89282
1.98454
0.512361
-1.87142
-0.115536
2.15193
-1.70591
-1.21567
-1.25012
6.14766
-1.51982
-0.487841
-1.83188
0.0792327
-0.849716
1.37873
-0.14162
0.193391
-0.174231
-1.01411
-0.810348
-0.170262
-2.60077
-1.37032
-1.22583
-0.619455
-3.26938
1.13319
-1.37987
-1.83813
-2.9065
-1.53284
0.868136
-4.48236
-3.03894
-1.92345
-1.36763
-1.396
-1.91194
4.19463
-3.59564
-1.32126
-2.011
-1.65729
-1.33674
-4.00225
-1.80428
-1.05894
-3.11416
-0.861289
-0.681223
-2.88302
-2.23616
-0.898814
-0.474932
-0.529967
-0.12759
-1.64124
-0.550281
-0.385733
-0.13072
0.470381
-0.444351
2.36542
-1.99954
1.38685
2.97989
-0.852841
-2.85927
-0.197023
-0.914931
-2.60788
-2.98873
-1.30839
-2.99745
-1.40611
-2.12486
-1.91928
-0.574936
-0.581123
1.60988
-1.58545
-2.14756
-1.15134
-0.408173
-3.90468
-1.53006
-0.221799
0.170531
-3.86099
-3.49211
-2.3758
0.457899
-1.42259
4.12315
-4.0329
-1.94393
-1.97323
-3.32123
-0.536751
-1.37219
-3.40254
-1.04203
-2.15522
-0.988624
-1.85669
-0.32506
0.549633
-2.42772
1.98766
-1.96171
-4.76705
2.23091
-1.55474
-2.32851
0.32922
-0.217259
-4.05271
-5.03279
-0.000433743
2.03233
-4.44371
2.06424
3.60145
-1.91436
-1.65181
0.363444
-0.223632
-0.19687
-4.31872
-1.08474
-0.574328
-1.17039
-1.62667
-1.76835
-1.67167
-0.450827
-2.31797
0.640915
3.03737
-1.04466
-2.35282
-3.12051
-1.80728
0.644318
0.773888
2.68713
-4.38158
-3.76758
0.715185
-2.29803
-2.28555
0.781732
-1.86228
-1.65863
-1.41369
-1.27272
-1.13018
-0.47778
-0.936666
0.668123
-1.03568
-1.02246
-1.71636
-0.921903
-1.09636
-2.60587
-0.492356
0.161027
-0.490958
1.51528
-1.29042
3.59916
-0.316857
-5.17265
-3.89707
-0.365281
1.42867
-1.89144
-5.43549
3.38545
-3.17902
-1.19403
0.877433
0.256581
-0.83992
-2.62752
-0.738879
-0.699062
-1.5671
-1.3194
0.442097
-0.485262
1.38145
-1.4699
3.27963
-3.2329
1.05245
-4.39292
-1.74027
-0.677365
-0.464237
-1.21827
-3.84245
-1.29348
-1.67857
-0.832149
-0.16265
3.40076
-0.306608
-0.884674
-1.5656
0.090173
-3.92923
-0.371923
-2.22314
0.837647
-2.30593
-1.27994
1.77054
0.439721
-1.64485
-1.65499
-2.02552
-1.19993
-5.26488
-2.54636
-0.36153
-5.58612
-3.17034
-6.0657
-3.51841
0.230605
-2.20919
-2.12284
-3.10324
-1.03361
0.0211754
-0.51572
0.295259
0.051622
-1.44931
-1.0711
0.363031
-0.108234
-0.0411785
-0.75619
-0.426647
0.857831
1.57144
-1.58926
-1.39174
1.25811
-1.01875
-0.808987
2.12431
-0.00243776
-1.10915
-1.02301
3.72842
-0.228509
6.52672
-0.623242
-0.488796
-1.98598
0.468137
-0.589924
-1.54396
-0.312921
-1.86264
-2.16922
0.629552
-0.328633
0.318221
-1.38767
-0.76069
-1.37208
2.1745
0.148415
-0.943253
-1.02288
0.724657
-3.57125
0.223594
-1.37393
4.31426
-4.95354
-4.30411
-1.50611
-1.24717
0.401996
0.329274
-1.26664
0.469325
-1.62831
-1.63358
0.555708
-0.899024
0.0915312
-1.75573
-0.0152461
-0.373081
0.468511
-2.82458
-3.88806
-0.288327
-1.79932
2.42657
-1.45124
2.72538
0.53405
0.914811
5.71244
5.7689
3.0388
0.896284
-3.51413
-1.07464
-4.46336
-3.77045
-4.83908
-1.19581
0.117875
-0.859905
-1.09128
0.801976
0.16735
0.229999
-0.65531
-0.25854
-1.01429
-0.963805
-3.30558
0.730042
-1.69463
-0.958603
0.109855
-0.837198
-1.27005
-0.5727
-1.98075
3.97162
-4.09611
-2.15166
0.0140994
-0.0308652
-2.54189
-2.11155
-3.61843
-0.346637
-2.15886
-2.01305
-1.57115
-1.76114
-1.2763
-0.48034
-0.566652
-2.03464
-0.207449
-1.05341
-0.43248
-2.31807
-0.190645
-2.07843
-2.00248
-0.126265
-3.59048
1.13846
-4.28192
-2.69836
2.66639
-2.28136
-0.990228
-0.524722
-1.11039
2.39259
-1.12419
0.472938
-1.10366
-1.8904
-0.456473
-2.73792
-0.70578
-2.57284
-0.970115
-0.661694
-0.844229
0.54663
-0.107432
-3.41828
-0.721178
-1.34856
-0.902037
1.90133
-0.784206
1.9174
0.566779
-0.307312
-2.48687
5.92699
-0.17854
2.00305
-2.04355
-0.448915
-1.60368
-0.953531
-1.93355
-0.29134
-1.73844
-2.40882
-1.36744
-0.306248
-0.0636491
-2.30979
-0.832724
-0.161181
-1.03879
1.19658
0.0774931
-2.13526
-1.54646
-1.23892
-1.85055
1.84288
-3.30277
-2.42263
3.83186
1.01815
-2.06569
3.10274
0.737339
6.0911
0.0743362
-1.0472
-1.58389
-2.10075
-2.10567
-1.04041
-0.371577
0.334776
-0.33223
-1.36637
-0.74984
-0.126942
-2.90711
0.347521
-0.980722
-1.25663
-0.398787
-3.33909
1.93768
-3.23466
-2.18648
-0.283048
-2.99435
-2.04677
-0.399262
-5.48572
-1.38017
-3.57168
-0.214269
-0.534104
0.765597
0.234169
0.393056
0.26138
-0.452054
-0.129941
-1.62684
0.701627
-0.276482
0.194108
-1.02806
0.263919
-0.632017
-1.04789
-0.623354
-1.74354
-1.98259
-0.394688
-2.46626
-5.14352
-2.48565
5.08279
-2.69223
-3.02692
0.509892
6.01885
-1.29939
-0.0990007
-0.006721
0.604889
-1.32915
1.32664
-0.0168193
-1.02166
-0.77878
1.14926
-1.34794
-2.02812
-1.33712
-1.94972
0.767413
2.32409
0.585416
-3.51782
-1.85713
-2.02521
-2.19817
-4.46533
-1.52264
-1.55348
-1.58254
-2.95301
2.08264
-1.11043
-1.85938
-0.00799844
-0.880905
-0.910306
-2.46684
-3.14905
-1.40049
-1.46299
-1.39155
-0.207492
-1.65809
0.591197
0.837711
-0.329205
-0.883776
-1.25294
-1.91377
1.08738
0.381113
-0.444486
-2.33705
-2.5531
0.120036
4.78627
0.829873
5.68537
-2.38363
-0.972244
-1.27854
-1.62453
-0.206652
-1.48997
-1.57642
-1.04533
-1.30452
0.24787
-1.15563
-0.756251
-1.23839
-3.34958
-1.84901
-0.279428
-1.1576
3.53997
-2.07261
0.901561
-3.06854
-3.47191
-3.96765
1.04017
-2.13277
2.01935
-2.72326
0.654263
-4.27007
2.13621
0.715432
1.36082
-1.18173
-1.26528
-0.339386
-2.01088
-0.33621
-1.09528
-0.902846
-0.683702
-2.10626
-3.29268
-0.758204
-1.24695
-1.01007
1.29721
0.524947
-0.928849
0.655391
-0.937987
5.29803
-4.16643
2.27084
6.85094
-2.44247
-1.5931
-0.638962
-3.51208
-1.39478
-2.64996
-0.0981449
-1.22939
-3.12059
-1.00262
-1.40859
-1.39101
-0.604357
-1.72722
-1.23838
-4.28628
-0.564923
-1.51265
-2.82439
0.638573
-0.175544
-0.853128
-2.57367
-3.92524
0.704822
-3.04339
-3.1517
2.37597
-2.38925
-3.42541
-2.10759
1.86179
2.02053
-1.27274
-1.47639
-1.57881
-1.94127
-2.49296
-2.00507
-1.25116
-1.89253
-2.61475
-1.7983
-6.47026
-2.65855
-2.97672
-0.681291
2.67876
-2.17379
0.0645569
-0.153334
0.2316
3.63056
6.27925
4.36652
-6.06497
-3.93333
-1.04732
-5.79879
-2.93746
-3.7533
-0.598161
-2.60514
-1.36105
-1.52678
-1.38837
-0.641175
-1.57248
-1.49703
-1.05162
-1.59308
-2.04836
-3.57734
-3.78109
0.0527148
1.79152
-1.60068
-2.01095
-1.78532
-0.770399
-3.84198
0.217169
-1.93607
-2.0964
0.214813
-2.65789
-3.74113
-2.52541
-5.62472
0.861474
-1.05935
0.893349
-0.912531
-1.21744
-8.07786e-05
-0.95989
0.505454
-3.08912e-05
-1.24199
-0.552461
-1.80178
-1.58211
-3.10065
4.58419
-1.64904
0.0232809
-2.08288
-2.91782
-0.722398
0.825225
0.551519
-2.0384
-1.77707
2.70048
-2.40551
0.473549
-0.0635552
-1.00234
-0.346542
-1.19375
0.287866
-2.02778
-0.28229
-0.366408
-0.192924
0.626361
-0.689135
-0.115286
-0.731595
1.70452
-0.0113165
-4.27057
-1.30889
0.607473
-0.872452
0.106267
-3.77228
-6.45064
-4.19627
2.34568
2.17913
-0.0934273
1.12676
2.43717
-0.934763
-0.157301
0.407738
-1.1199
-2.0465
-2.67191
-0.0455892
-1.71287
-1.92788
-0.529692
0.706474
1.44381
-0.689473
-1.55845
1.69185
4.24676
-2.62053
-0.537792
-0.615099
-0.56421
-1.3777
0.764638
-0.686208
1.014
-0.614038
4.81801
-4.13975
0.685152
1.94134
-1.29217
-0.0822965
1.30627
-1.78345
-2.38733
-0.0150173
-0.139518
0.469759
0.330234
-0.300428
-1.44504
0.551132
-2.27575
0.264421
-3.05478
0.261392
-1.40328
-0.124499
-0.835063
-3.13202
-2.59106
-0.674014
2.03361
-1.73345
-0.633613
1.21997
0.380374
-2.00638
0.908939
-0.911149
-0.791555
-0.782734
3.47033
-0.150425
-0.589459
0.283031
0.207876
-0.512458
-2.66603
1.50957
1.59871
-1.66037
0.00148428
-1.61032
-1.70578
-0.520503
0.125199
-0.88377
-2.34099
-1.54834
-2.69648
0.311294
-0.337058
2.52456
-1.69283
0.634848
-0.292257
-0.567748
-0.572555
-0.841547
-1.54451
0.335168
0.139932
-1.0319
-0.831861
-0.051143
1.65938
-1.88253
-1.92003
0.840959
-4.10725
-2.24609
2.51638
-1.38426
-0.146049
-2.60964
1.54642
1.59442
-6.35881
0.330187
-1.34041
-6.05712
-3.50526
2.55775
-1.4091
0.0944089
0.106594
-0.749131
0.139536
-0.329408
-1.97838
-0.310092
-1.29322
-0.802878
0.396025
-0.485333
-2.83824
-0.192831
-1.89928
-2.24699
-0.068062
1.0115
2.38599
-3.21715
-2.081
1.25255
-1.78346
1.55004
1.91242
-5.05541
-2.10619
-4.18298
0.573983
-0.96123
-0.723447
-0.252243
-2.69681
-0.224838
0.547953
-2.00256
-2.13578
-0.836623
-3.36459
-1.00319
2.00484
1.62467
-0.156541
0.382018
1.42668
-1.89465
-1.69304
0.668064
3.71117
-2.30116
-3.13537
1.3554
0.651529
-0.0538524
-0.532262
-1.4662
-0.6054
-1.83252
-1.58492
-0.423828
-1.72607
-0.409747
-2.29797
0.0880275
-0.459708
0.0555904
-2.27312
1.4694
-2.30411
-0.22103
-2.71174
-0.0702764
-1.18108
-1.05521
-1.29321
2.02884
-4.26667
1.82313
1.0267
-3.91486
-3.67798
-0.415974
-0.407633
2.3892
-1.91228
-1.33341
-0.588134
-1.89075
0.479804
-1.91608
-1.75576
-1.65245
-1.08292
-1.25269
-0.586548
0.802637
-2.10166
-0.376714
-1.94497
-0.86006
-1.4475
-0.643795
-0.714282
-0.235664
-3.92061
-4.32999
7.8305
0.50152
-6.10086
-0.769284
-1.54224
-1.38777
-1.02163
-0.963879
-0.467296
-3.05973
-1.04559
0.354084
-1.18985
-0.778653
0.579994
-0.578669
-2.64738
-3.12873
-1.56185
-0.00115158
0.996991
-0.587191
-1.2705
0.318982
-0.413062
1.84134
-4.22162
4.69647
-1.69674
-0.710931
-1.10211
-1.17376
-3.78428
-1.06852
-0.973644
-0.667775
-1.76639
-2.21082
-0.242979
-0.473091
-0.818592
-0.860581
-0.718099
0.448397
-1.78936
-0.800569
0.738348
1.98652
1.59497
-2.22802
0.0739765
0.509818
0.190727
2.65619
0.525839
3.77043
-3.52399
-0.532575
-3.48012
-1.25365
-2.79544
-3.1962
-1.06579
0.36542
-2.3664
-0.965544
-1.15853
-0.0113383
-0.653617
-1.2433
-0.554613
-0.167518
-1.76849
-2.11261
-1.09985
-2.89052
-0.862126
0.134074
0.532428
0.354972
0.413374
-1.70712
2.87877
0.409536
3.33709
0.306196
-1.936
-2.34626
-2.45515
-5.59171
0.682877
-0.979772
-1.1092
0.10439
-2.63187
-1.1173
-1.71921
-0.999636
-0.615064
-1.30173
-1.60787
-1.65288
-2.05761
-1.61584
1.32211
-3.91308
0.0193672
-1.31013
-0.904205
-3.13046
-2.89827
0.0611376
1.22816
-1.95702
-1.73321
0.658992
-4.7752
-3.982
-0.6903
-0.941504
-0.458186
-0.691114
-1.89328
-0.835573
-2.33026
-0.72304
-0.483821
-1.11646
0.453641
-1.76493
-2.68844
-1.84377
-0.181877
-1.74493
1.49103
0.376459
-1.68974
3.27071
-2.80952
-2.19679
0.160151
-0.387131
0.768513
-2.23639
-2.55404
-2.90018
-3.14453
0.19154
-0.0633265
-2.08655
-2.31007
-0.551548
-0.933949
-0.531713
-0.0263308
-0.00612139
0.226971
-1.04457
-1.69406
0.777594
-1.25012
0.132189
-2.08307
0.282679
-1.79943
-1.8984
1.20261
2.64835
-3.30443
1.81224
-0.218532
-4.62004
-1.0189
2.90582
0.0511545
-1.24678
-1.84057
-0.487806
-0.198493
-0.523376
0.311447
-1.20188
-1.98894
-1.96163
-0.584638
-1.26472
-1.55672
-2.62599
1.70596
-1.84774
-1.86266
-2.76879
0.0683703
4.44704
3.07016
3.02468
-7.44149
-3.46144
-3.73954
-5.37195
-1.75941
-3.23872
-2.70912
-2.90465
-1.70859
-0.788027
0.446228
-0.96292
0.295443
-0.80023
-0.178808
-1.02761
0.186931
-1.46389
0.725613
-0.291799
-4.05502
-1.30192
-1.66179
-0.990662
-0.272427
-1.30314
1.83347
-1.7065
-1.33366
-0.933165
-2.67452
2.04353
0.460297
-2.32187
-2.61337
-3.41393
-1.61604
-1.23877
-2.19903
-0.815319
-2.84022
-2.03676
-0.920301
-0.5536
-2.00242
-0.972825
-1.45609
0.692696
2.32678
-1.53075
-0.10384
0.680539
2.12825
4.48298
2.75222
4.31727
-4.46211
-2.10505
1.97375
0.658365
0.117888
-2.28538
-1.2096
-1.42976
-0.396206
0.419912
-0.308547
-0.589095
-0.447938
-1.08925
-0.455268
-1.69645
-2.49344
-3.48963
-2.23281
-1.90124
0.431103
-3.77246
-2.29537
0.0713264
-2.81074
-5.26574
-2.41356
-1.90833
-0.454468
-3.57056
-0.258705
-4.60843
-0.77488
-1.0306
-0.842622
0.0623037
-2.22919
-2.16485
-1.3764
-1.48254
-1.67405
-2.37755
-2.37619
-0.831978
0.219916
-0.48764
-0.525511
-2.74547
-4.29436
-2.28208
-0.472492
0.703184
-1.50392
-1.63403
-2.86149
-1.59698
7.21412
-0.554074
-3.72885
-3.20043
-1.95124
-4.27302
-0.335973
0.107198
-0.244505
-1.46583
-0.711257
0.0297654
-0.86083
-0.291354
-0.892233
-1.78119
-1.63989
-0.777684
0.491486
-2.15157
1.68237
-1.36452
-0.535938
-1.10082
1.68712
4.17295
-1.98457
-4.69962
5.60699
-0.938614
0.770674
4.35811
-4.70352
-3.93801
-1.1075
-0.375326
-0.481016
-0.204097
-2.76108
0.148003
-2.24122
0.145294
-0.86278
-1.9682
-0.747231
-1.07353
-0.544798
-2.14152
-4.05039
2.15127
-1.11775
-1.19914
-3.12986
-0.82394
2.98365
-1.8422
0.934635
0.63083
-2.32308
-4.41821
-3.86372
-0.117112
-2.71801
-2.06068
-1.91586
-2.11349
-2.20446
-1.9253
-0.925565
-1.80353
-1.14992
-1.93702
-0.569483
-1.16783
0.385374
-0.888228
-1.34106
0.133517
1.17695
-2.30973
0.891314
-2.54536
4.60327
-2.35901
-2.09159
-0.502348
-1.22959
-0.296246
-0.862965
0.792321
-1.46905
-1.24736
-1.03579
-1.76178
-3.65559
-2.61739
-1.12789
-0.580159
-1.16721
-2.04447
-0.137023
-1.03036
-2.36129
0.116034
-3.60488
-1.64333
2.23448
0.524346
-0.741897
-0.137193
-3.79531
2.54177
1.59636
2.30301
-0.564965
-4.97281
-4.528
-1.7456
-2.18706
-1.11958
-0.675189
-1.16309
-3.56776
-1.5365
-1.5061
-2.27479
-0.614941
-1.37147
-2.70706
-1.55072
1.66295
-2.66563
-0.145703
-0.449348
-1.4525
0.0928607
0.397132
2.44203
-2.34303
-1.16677
2.75153
-3.1769
-3.33916
-1.95268
1.88373
-1.76159
-0.704551
1.04194
-0.58756
-0.329416
0.420187
-0.549626
-0.211196
-2.36687
-1.26358
-0.374204
1.24827
-0.15996
-0.410147
-1.24252
1.70116
-2.99874
0.399184
-0.45928
-2.49361
-0.771763
2.63025
-1.63346
-0.586394
-3.14352
3.00709
-0.306637
2.32835
-4.83273
-0.797274
-0.700198
1.16077
-0.0292947
1.0589
-0.500812
-0.459276
-1.39884
2.38818
-1.5334
-2.09803
-0.978208
-2.36114
-3.14028
2.28552
-2.1362
-2.12692
-2.29366
-2.61857
-1.9946
1.79727
-1.30258
-2.73696
-2.0186
-2.77528
-2.4663
-2.00696
-3.11782
0.116916
-3.1944
-0.337884
-0.885651
-0.965375
-1.62434
-1.6484
0.0889836
-0.74138
-0.603918
-3.26244
-1.58001
-0.520949
-2.33596
0.154547
-0.453225
-0.834713
-2.24203
-1.29033
-0.646929
-2.47071
-1.53354
4.62989
-1.71225
0.440797
0.7827
-1.95635
-3.53501
-0.675084
-2.21742
-0.835935
-1.45897
-1.87586
-2.50031
-1.71941
-0.653098
-1.95256
-0.652846
-3.00338
-1.54334
-1.08401
-0.813914
4.38351
-1.35014
-2.47139
0.0220248
-1.4997
2.91326
3.50977
-1.72382
-1.86156
-1.80705
0.0664863
0.398913
0.506111
-4.06062
-0.770318
-1.37416
0.236081
-1.66967
-2.32557
-0.351609
-0.227179
-0.494732
0.183799
-0.723576
-1.23267
-1.50214
0.272046
-0.439512
-1.69938
-0.807792
-0.386542
-1.25343
0.328972
-3.78704
0.962235
-3.34389
3.52269
-1.80286
4.19877
-1.5469
-1.27447
-4.26671
0.945177
-1.34026
-0.342811
-1.11863
-2.15017
-0.467466
-0.416516
-0.630847
-1.88267
0.289977
1.97482
-2.27779
-1.36128
0.0927185
-2.23931
0.675649
-0.212155
-1.54842
1.09033
-2.29379
-2.24846
-1.21961
-1.89801
1.79646
-2.53038
-4.49202
3.24043
-1.56496
-0.280446
0.896905
-0.384379
-0.685428
-3.25385
-1.34932
0.162446
-1.07157
-1.04897
-0.21418
-0.808584
3.53905
-0.595774
0.17759
-1.32174
-1.6791
-0.710423
-3.21618
-2.62175
-0.0102036
-3.14385
-1.67369
-3.0497
0.842779
-3.20152
0.89319
-2.37355
7.07276
-1.06419
-2.54157
-1.7548
-1.5911
-0.270452
-0.890836
-0.79575
0.0703925
-2.36208
-0.365623
-3.40527
-1.28869
1.60145
-0.665176
-2.48556
2.09103
-2.83217
0.514435
1.61684
3.15924
0.664805
-2.43268
4.25297
1.45369
-0.931462
2.70865
-3.26336
-4.84167
-0.377729
-0.213454
-1.2579
-0.286137
-1.00151
-0.60059
0.577306
-0.625135
-0.328549
-1.15003
-2.80862
-2.29645
-0.802527
-0.64578
-0.415414
-2.04862
1.45745
0.874446
1.38686
-2.17951
0.3342
2.43713
-2.2727
-1.46994
-0.124231
-4.51016
-2.26809
-1.99715
1.22011
0.460541
-0.854886
-0.0717452
-0.325263
0.417939
-0.850978
-0.338297
-1.02907
-1.14081
0.450807
0.231842
0.967563
-1.38457
-4.8587
-0.55768
-1.61805
-1.96769
-1.97813
-4.08459
1.20049
-1.24627
4.24212
-0.771016
-4.67431
-0.203005
-1.51237
-5.38647
-1.24376
-1.88253
-1.69243
-1.87999
-0.936162
-1.35933
-0.532979
-1.08011
-0.549783
-1.01092
-0.177183
-0.196056
-1.29174
-1.2475
-3.27219
-0.731261
-0.929628
-0.62381
-2.45315
0.766532
1.16566
-1.3877
0.0634031
-3.37511
-1.68321
-2.53443
0.419883
3.92527
-3.47126
-3.21517
-3.13391
-1.66464
1.08611
-1.51264
-2.13333
-2.6157
-2.78988
-0.454057
0.316338
1.60031
-0.40031
0.982794
-2.32956
1.20688
0.462368
0.806271
-0.05889
-2.31244
2.51433
-0.489437
-1.82502
2.54624
-0.966145
-5.47188
-0.881226
1.89856
0.778988
-0.170989
-0.182961
0.140489
-0.594713
-0.15724
0.21843
1.12602
0.347143
-0.686362
1.50755
-1.2694
-2.50656
-2.63924
-1.97736
1.73317
-0.403111
-2.34463
-2.07313
0.0483108
-3.90193
2.58195
-3.69614
-0.503649
-5.14987
-4.42186
2.47374
-0.639394
-3.62269
-0.400431
-0.72722
-0.38865
-1.19447
-1.80927
-0.56697
-2.32683
-1.24093
-1.53893
-4.13925
-2.03119
0.90121
-2.75726
-3.66697
0.526196
-2.63373
0.201988
-0.390884
-2.23406
-1.49936
-1.20646
-2.80183
-0.922854
-2.10733
4.10268
-3.13599
-4.1509
-0.81288
-0.587833
-1.96322
0.264782
-0.189971
-2.36741
-1.25576
-1.24206
-2.09783
-1.15781
2.04236
-1.685
-0.0335735
-1.71679
-0.739217
-2.947
0.918758
-2.19463
-0.528395
1.52293
-3.35306
0.318343
-4.34976
-0.00765323
-0.274975
1.53114
-2.47359
-2.92062
-2.03043
1.44577
-0.479157
0.286842
-2.32894
0.884972
-1.73146
0.662552
-0.769736
0.419758
0.0325365
1.4026
0.415605
-0.982234
1.71738
-1.09851
-1.00456
-1.11965
-1.44487
0.898348
0.293144
0.0277608
1.2324
-2.2998
3.70528
-0.89289
-3.79078
1.77428
-1.36059
-0.721219
-0.363951
-1.3474
0.697992
-0.0299254
-0.336611
0.17988
-0.785581
-2.56886
0.617064
1.11607
-3.90327
-2.49378
-5.40012
0.127295
-2.83515
-1.48741
-1.40951
-0.693571
-2.43546
-3.778
-4.40594
1.08576
-6.54782
0.717327
1.63927
-3.98602
-1.95124
-2.6726
0.228865
-1.90625
-2.21097
-1.18592
-1.57818
-2.76568
-1.72197
-1.6845
-2.66828
-2.27559
-0.463437
-2.79063
-2.46256
2.03803
1.98589
-0.0657351
-0.384551
3.3517
-1.9315
-3.16635
-2.75241
0.0184329
-3.26195
-4.90363
-1.49531
3.37988
-0.734556
-0.607186
-0.542267
-0.09764
-3.74373
-1.83793
-2.07843
-1.56344
-2.90962
-0.809517
2.49987
1.79375
0.98943
-1.66851
-3.06115
0.170638
-3.77178
-3.61199
-2.76893
-4.50632
-5.41101
-3.16039
-3.51577
1.27588
-5.15084
4.67306
2.61009
-0.550752
-1.75761
-1.75118
-0.623925
0.360114
-2.89307
-1.44544
-1.23581
0.0778001
-0.552115
-0.35898
-2.87123
-1.02651
-2.25045
1.40774
-0.983243
-0.66427
-1.0111
-0.129143
-1.95419
2.12436
2.36917
-2.77083
0.735092
-3.40547
-1.8027
-1.39438
2.31603
2.55388
-2.84459
-2.15133
0.855388
-1.34635
0.942825
-2.30175
-2.05376
-2.23102
-1.2484
-1.27436
-1.45624
0.274255
1.37683
-1.8391
-2.34413
1.60254
-3.42332
-3.77228
0.894222
-2.38896
-3.06354
-6.45017
0.331516
0.853153
-4.02568
-1.93952
-1.44579
-0.735235
-0.351459
0.446067
-0.415799
0.837999
-0.938535
-1.3977
0.891341
0.285649
-1.58453
-1.84525
-0.0662695
-1.6845
-1.12695
-0.532577
-3.85275
-1.39178
-0.717096
0.575753
0.112544
1.42775
-1.06174
-0.530987
0.600397
0.0746593
-0.0870423
0.770561
-2.27302
-2.71739
-2.25435
-0.239111
-0.646349
-2.68863
-1.54321
-2.0187
-2.718
-2.16076
-0.319952
-0.552878
0.491844
-1.79727
0.940023
-0.0954575
2.99752
-3.33753
0.281152
-1.75061
-2.27786
1.56584
-0.791555
-1.52283
0.674194
-1.67392
0.729866
-1.68203
2.23804
0.102943
-2.42063
0.305495
-0.857939
-1.57724
-2.11705
-0.219218
-0.769597
-0.615615
-0.695399
-0.849057
-2.17956
-2.52704
-1.04601
-0.646316
2.37368
-0.498687
-2.54938
-2.20934
-2.21487
0.0414298
-3.118
-1.67854
-6.23265
-4.30191
1.85366
-0.956813
2.84501
3.99442
-1.05833
-1.38689
-1.01597
-1.70587
-1.04504
-2.64453
-2.22369
-3.08501
-1.8767
-1.4459
-0.032401
-1.08318
0.787974
-0.628917
-3.91177
-0.344765
-1.19409
1.5635
1.92885
0.632938
2.59675
-0.994954
4.38108
1.58155
-3.04625
2.47417
-1.9801
-2.49199
-0.103234
-1.15635
-1.78501
-1.64295
-0.458785
0.0745062
-1.24828
-0.523069
-0.324054
-0.395821
1.47067
-0.2061
0.456122
-0.93459
-3.20449
0.324992
-0.181889
-1.68792
1.98891
-1.48721
2.70724
2.05063
3.63361
0.239945
-0.522172
1.75672
0.00794917
-1.43944
-0.729497
-1.95753
-2.25902
-1.21477
-0.308273
-1.56173
-0.583338
-0.229105
-0.448234
-0.441501
-1.52393
0.623821
-0.757488
0.338253
-3.01733
-0.242364
-1.95091
0.75344
-1.19289
2.82416
0.22108
-2.99445
-1.83339
1.25274
-1.11324
1.4575
0.417795
-1.77318
-1.459
-0.733249
0.938612
-1.09208
-0.473056
-1.42428
-1.78816
-1.75927
-0.255879
-0.740181
-3.25521
1.20581
0.41107
0.179951
-3.12611
-0.361921
0.321113
-1.48743
-1.42123
2.79814
-5.10076
-5.25445
-0.675694
1.71811
-2.25228
-3.06561
-1.82266
-2.23251
-0.0987312
-0.222725
-1.10132
-1.86991
-2.81034
-0.813065
-1.75609
-1.55897
0.080269
-1.00681
-2.2639
-3.88981
0.730029
-2.09056
2.12869
0.748953
-0.960478
-2.12965
-1.22685
-4.61123
1.05429
-3.82328
-0.224963
-2.33648
2.48331
1.37697
5.54799
0.368633
-0.328248
-1.63802
-1.55243
-1.4416
-1.4961
-2.54695
-1.46539
-1.32329
-0.377698
-0.745885
-0.740942
-0.713438
0.409522
0.0467258
1.78449
-1.06004
-2.52695
-1.33387
-0.881131
-3.18307
-0.0396104
-1.35581
2.83257
-4.85324
-0.814683
0.566279
3.90216
0.447825
-0.122348
-0.204516
0.157331
-1.3222
2.70315
-0.473712
1.09281
-1.87711
0.343037
-1.31227
-2.8319
-0.498396
-0.603152
-2.90681
-0.349047
-1.88927
2.74427
0.747605
-1.41409
-0.126424
-2.79844
0.962946
0.73216
-0.732026
3.56112
-0.437726
0.0460114
-1.32843
0.180896
-0.1681
-1.02184
-0.884637
-2.14358
-1.47478
-2.47498
-1.95093
-1.25513
-0.282669
-1.46946
-1.32849
-0.135927
-1.91205
2.8776
-0.577102
-1.1262
-2.47449
-0.627832
1.13288
1.16812
-5.22509
3.03523
-1.43964
2.59469
-3.3235
4.48077
1.85821
-0.947607
-0.860052
-0.484225
-0.0472117
-0.514417
-1.73075
-0.119524
-1.3431
-0.741499
-0.661026
0.309766
-0.505949
-0.372778
-0.492394
-1.56008
0.234478
-1.39021
1.97851
-0.504655
-4.61081
-3.90399
-3.25245
0.750174
0.959226
2.012
4.66824
-0.20882
3.254
0.103446
0.220005
0.0590993
-0.815946
-0.646573
-0.853509
-1.13968
-0.643882
-0.392919
-1.16661
-2.88097
-2.80728
-0.746843
-1.11829
0.894008
-2.02138
-4.23564
-0.803846
-1.74177
-3.40468
-3.56757
-2.64719
6.07896
-1.8347
-4.08447
3.02795
-3.42504
-3.20467
-0.0776912
0.269247
-1.90801
-1.51329
-1.70479
-0.0966441
-1.32258
-1.699
-0.363858
-0.716338
2.3257
-2.98571
0.192268
-0.725891
2.02903
-1.89132
-0.0744833
-2.07675
-0.367826
-0.464076
-3.26322
2.04517
-2.95926
-0.931087
-1.87528
-1.01588
0.977054
-2.1682
-2.48498
1.32817
-1.95636
0.550411
-1.90608
0.648897
-1.9581
0.439173
-0.346024
-1.22248
1.04013
-2.26424
-2.47174
-3.34292
2.00935
-2.56165
-1.04768
0.788602
-0.333954
-0.0378127
2.54094
-0.791133
-0.33193
-1.23352
-2.60737
-1.78378
-3.07139
-5.17827
-1.27838
-1.17496
0.27081
0.108035
-0.460621
0.8732
-0.508242
-1.38778
0.59187
-1.35886
-2.37967
-2.43582
-2.72134
-0.802233
1.57397
0.721799
1.71287
0.799296
1.6176
3.07853
3.34628
2.76795
-2.57355
-1.9372
-2.58167
-0.0325446
2.98798
-1.06613
-3.11592
-1.18644
-2.00093
-1.74083
-1.57273
-2.05507
-2.88203
-2.8925
-1.82328
-1.06849
-0.064738
-2.34247
0.850915
-2.54097
-2.06512
0.431987
-1.99902
-3.13419
0.654127
3.06348
-4.15199
-2.84333
-4.86407
1.71787
-2.67663
-4.0609
3.59651
-0.454488
-1.78711
0.457309
-0.460234
0.24901
-3.87481
-0.760562
0.467944
-0.818678
-1.52572
-1.25297
-0.0780171
-1.09021
-3.77234
-3.91106
-0.0162754
-1.11894
-0.613491
-1.99302
-2.41905
-4.92057
0.571229
-0.254499
2.18951
-3.16114
-1.04667
1.03232
-1.35331
-2.57699
-0.937735
-2.73676
-0.843095
-1.85687
-2.65235
-2.40522
-1.73967
-3.08486
-1.54703
-0.0528807
-1.10435
-2.9255
-0.233848
1.25296
-1.07933
0.363428
0.622145
1.57018
-0.734063
3.27866
6.72584
-2.68773
0.537503
-1.16373
0.679219
-2.56604
-2.36285
2.87989
-1.38549
-0.820118
0.165581
-0.883902
2.25164
-1.31111
0.109541
-0.0729523
0.479713
-0.983676
-1.72615
-2.24207
1.86686
0.193335
1.34987
-2.88491
-0.792098
-2.61382
0.721082
-1.89732
1.55226
-3.24163
-2.39859
-1.2417
-5.0255
-1.62909
5.54661
-2.72711
-0.697336
0.593265
-1.46284
-0.485784
-1.1987
0.196606
0.60355
-1.58669
-0.451795
-0.994767
2.06175
-0.187122
-5.61149
0.351052
-1.00772
-0.826286
-2.17395
-1.51632
-0.963292
-5.50658
-3.30874
5.38156
-1.5358
1.48502
-1.07484
2.62376
-2.69683
-1.87062
-2.29937
-1.20329
-0.330614
-0.692159
-2.32788
-2.15256
-1.74158
-1.20895
-1.29428
0.128196
-2.21157
-1.49285
-1.10629
-0.194059
1.69087
-2.87613
0.818496
-1.03786
-0.869562
-1.65525
-0.276347
1.44164
-3.20437
-2.54724
-1.53735
-1.63799
-0.683465
-3.72294
0.624898
-0.439338
-0.991573
0.331566
-1.04903
0.19705
-0.615092
-0.374263
1.26003
-0.391906
-3.64854
-2.1228
2.20338
-2.12631
-0.0049594
-0.315118
-0.791673
-0.225077
1.01442
4.60864
-3.3285
-5.67548
-1.14177
0.236262
-0.0459487
-3.74494
-2.67051
0.91564
-2.1472
-0.904075
-1.38138
-0.130599
-3.15524
-1.04614
-0.0865012
-0.409147
-2.47244
-0.984053
2.13658
2.04823
-1.23887
0.486968
-4.33744
-3.02385
-2.65095
-1.29799
-2.16746
-5.71196
-1.50475
-2.04855
-7.51639
1.41416
5.71076
0.13309
-0.15123
-0.608713
-1.65574
-2.54106
0.757271
-0.00356344
-1.9051
-1.5078
1.00769
-1.02496
0.613247
-1.73155
-1.8364
-1.49514
0.590173
-2.43518
-0.195634
1.70212
-2.05794
0.0834042
-1.62038
-0.186127
-0.000698216
-0.0284022
-2.76412
0.37782
-3.05302
-1.67382
-2.63665
-5.82665
0.343926
-1.15701
-2.32836
-0.647133
-1.1152
-1.69143
0.880385
-1.21675
0.741368
0.217754
0.490256
-1.26559
-3.58683
2.61672
2.19414
1.0558
0.261321
2.66372
-0.480714
0.310124
0.123656
0.669972
1.2869
0.587184
-1.3182
0.84797
0.599803
-2.00624
0.867959
-1.07085
2.63429
0.33246
0.844388
-0.698859
1.63751
2.60187
0.695723
-0.428004
1.81285
1.61019
2.59675
0.65619
-1.21941
1.91189
2.60143
1.06984
0.730826
-0.646313
1.82017
0.157823
1.27732
1.69921
1.08385
-2.28215
0.892825
0.209319
2.49165
-0.729581
2.13964
0.0977991
0.592226
0.246744
-2.77969
-0.743043
-1.12261
0.382488
-3.42929
-3.91044
1.18068
2.11525
-0.473339
1.02249
0.0139218
2.17253
-1.02542
-1.54909
-0.782515
0.742095
0.538487
-0.377279
1.52463
-2.05551
-0.464416
-2.26398
1.92719
1.21216
-1.31154
0.503398
-1.63851
1.2183
-1.1828
-2.3811
-0.0114644
1.80796
2.13673
2.14827
-2.79556
2.02373
-0.202555
-1.37977
0.401273
-0.639763
2.23387
0.708105
1.81
-1.52287
0.386421
-1.4797
-1.76244
0.294466
-0.572358
-0.281225
0.55596
-0.346991
1.38456
0.696496
2.59719
0.912548
0.80395
-2.97552
2.2753
-0.0781365
-0.293661
1.27223
0.197699
2.97398
0.427667
0.454459
-3.37161
-0.195046
1.60637
-0.530101
-3.5887
-0.332466
3.71512
-0.401436
3.55407
2.1631
1.01179
-0.343229
-1.01051
2.35369
2.46929
-0.895644
2.45619
3.05572
-0.461103
1.4556
1.69274
1.0427
-4.1884
0.372736
-1.97163
-2.1992
2.18943
-1.20589
-1.85479
-0.339969
0.282443
-0.453765
-1.20655
-2.43389
-1.83051
-1.16438
-0.329113
-1.25719
-3.31363
0.320756
-2.5306
1.54363
-0.438428
2.02668
-0.191836
2.35901
-1.45099
-0.692083
-3.57806
1.86664
1.35921
2.42053
0.430289
-2.34377
1.71564
-2.02566
1.64428
1.36628
0.720703
-1.69125
-2.15419
-1.56259
1.09724
-1.33244
0.957736
-1.10867
1.34437
-0.924308
0.389597
4.72123
-1.02387
0.833949
0.402116
-0.432739
1.8372
-0.960581
-2.02584
0.347819
-1.87207
1.25418
-0.82267
-0.187441
0.224012
-0.336974
-0.228553
0.567038
0.0638383
0.71667
2.47768
-1.01406
0.0651708
1.26132
-2.35078
-0.693511
0.179708
0.753909
3.03173
-1.30556
-1.63222
1.62561
-0.818647
0.970734
0.805725
0.0892409
-0.481318
1.65861
2.9834
0.400275
0.632949
-1.00878
-1.08232
1.3934
2.4645
-0.238344
0.0595092
2.42748
-1.60292
-1.9181
-0.469305
-1.05888
-3.3549
1.25353
1.95587
-1.86095
-0.178979
0.493729
-2.63136
-2.13908
1.59195
-0.0106528
-0.583561
1.09566
1.05136
0.298013
1.01116
0.66555
-1.85025
-0.967812
-0.627619
-0.820872
-2.95094
-0.654381
1.98605
2.88884
3.452
0.100992
-2.58132
-0.501263
-1.9134
-1.89333
1.51733
-3.00573
-0.264835
-0.136234
0.609241
1.11388
-0.483205
-2.74328
2.48896
-0.546886
-3.07591
0.904269
0.200046
-0.810794
1.38869
-1.79284
0.183456
1.32845
1.44709
-0.76415
1.14252
1.24816
-1.65249
0.533555
-1.40041
-1.07959
0.31895
0.232462
-3.43158
1.05354
0.202324
1.25149
-2.86147
-2.89525
-1.30976
0.404577
0.237027
4.26231
-2.93664
-2.1728
-2.3528
-0.916329
-1.13451
0.254397
-0.363526
-1.46429
-0.754049
1.5984
-0.188161
-1.63635
-1.25471
2.15427
-0.533937
0.541637
3.02711
0.0327747
0.216015
-0.380138
1.34548
-0.707442
1.48368
-0.106677
0.249873
0.260652
-2.25123
-1.83984
-0.561218
-2.10827
0.40721
-0.0487572
2.8235
1.42934
2.24395
0.811623
-1.17376
1.50141
-0.302487
-0.162059
0.0196281
1.06694
3.37395
-4.22249
-2.95471
0.439282
1.01891
-2.71502
-0.299404
1.86553
0.584677
-1.25956
-1.97677
-2.73042
1.32992
-0.229904
-2.31844
-0.363892
0.537948
-1.14084
0.241301
3.03241
1.28473
-3.70494
-1.19525
-2.46945
1.27857
3.3477
-2.34535
-2.26176
1.20122
-1.84636
-1.62645
0.540638
0.989495
-1.9156
1.6807
-2.04668
1.5358
-0.742702
0.364235
1.46908
-1.90594
-1.72851
-1.1769
0.692671
-0.94595
-3.38294
0.707361
0.840871
-0.0110936
0.0182369
1.8758
-1.48972
-1.92686
-0.519869
-1.94809
3.09723
-0.380962
-0.060056
0.945926
-0.85586
0.578185
0.503067
-0.140887
2.76256
0.433796
1.25978
-0.80026
-1.55411
4.49695
-1.08095
-1.08907
-0.279748
-4.2163
0.977303
-0.531805
-0.894441
-1.09997
1.10602
1.39447
0.196205
-0.22788
-2.33512
-1.83268
1.74941
-3.84483
2.49595
-0.159257
-1.87951
-3.72651
-0.586817
-0.540683
-3.41002
-0.37924
-1.8456
0.767574
0.416104
-1.63935
0.995866
3.80402
-1.73118
-0.842324
-2.03797
-4.69814
-1.43314
0.493931
2.27703
-1.17065
-0.0181819
-0.807109
-2.35239
-0.821718
-2.35179
-1.80699
-0.723294
2.18523
-0.623615
0.43538
-1.955
-2.11658
0.829913
1.22164
2.65906
-0.944557
0.291604
-1.15206
1.09416
0.365753
-1.08296
1.10274
1.83666
0.854329
-0.730136
-0.63061
-0.305407
-3.1476
-1.68222
-2.25322
-1.93201
0.795066
-0.41644
-1.09536
-0.113795
0.239816
3.19397
-0.972683
-0.971761
-0.569047
2.4986
0.0397704
-1.39841
-1.34113
-0.119652
2.79547
0.0633364
-1.3649
-0.467722
2.17061
-2.95079
0.895668
-1.79859
-3.11568
-0.408469
-1.48194
-1.25296
0.226854
0.380289
-0.360321
-0.0891779
0.244324
-2.13668
-0.713869
0.794018
-2.0854
-2.5162
1.38874
1.16511
0.382893
0.064576
-1.44191
-2.4604
-1.04136
0.592454
2.84844
-0.150362
0.0178942
0.556269
-1.04869
2.0096
1.05603
-0.386253
-1.36501
-1.40271
-3.0718
1.72006
0.397986
-0.747548
4.78553
-1.78744
-2.04985
-0.128324
-2.53694
0.870626
-1.88225
0.650573
2.56119
-3.56293
-2.19094
-2.44253
-3.32203
-0.725174
0.330634
-1.23026
-1.09319
-1.23278
0.346324
-1.36732
-2.35676
-1.0377
-2.92214
-3.78369
1.69612
-0.732594
-0.631409
0.354558
-0.521035
0.0705926
0.543465
-0.971229
-4.02912
-1.62328
-0.679854
-1.9981
-2.71516
0.800682
-0.106621
3.09473
1.00253
-1.55768
-0.614455
2.61633
-0.714341
-3.49304
-1.16815
-0.464943
-1.64213
1.59866
-1.46544
-0.883366
-1.94654
-1.49153
0.589536
-0.482562
-1.31337
-1.95342
-0.827188
-0.4003
-0.624243
-0.201427
1.67344
1.10718
0.0909641
-2.58296
-2.6268
1.87578
1.018
2.60531
-0.362499
-3.39191
0.797708
-1.86256
3.03192
2.42208
1.34904
-1.48119
2.42761
0.100598
0.0577198
2.01657
1.53063
0.0436959
-0.622648
-0.142368
0.396673
-0.616693
-0.856429
2.58315
-0.198847
1.75676
0.83505
1.06065
1.79156
-1.98189
0.290587
0.535191
2.46001
-1.36396
-3.32883
1.87497
-1.25293
0.901072
1.13208
-0.502394
-0.868997
0.440898
1.04905
-0.584438
-2.6554
-1.69494
-1.08136
3.81428
-0.166482
-0.472839
-0.545027
-1.78589
-0.360231
0.525156
0.0170485
0.390644
-0.133668
1.0948
1.27502
-1.36466
-0.336407
-0.865504
-0.728658
0.0704918
-1.85388
1.14018
0.281009
1.29735
-3.1443
0.0423181
-2.73899
-0.929381
-5.32296
-0.875346
-1.18283
-0.882143
-1.66473
-0.0150966
1.20945
-1.50194
0.242738
3.3375
-0.551492
-2.01604
-1.06122
1.05037
0.215442
-1.85707
0.547531
-1.09759
-1.22024
2.36353
-1.55445
0.278782
3.13049
3.05715
2.49632
-3.20557
-1.48708
1.78959
-1.88547
3.15167
0.247404
2.63226
-2.39192
0.321752
1.74421
3.38522
-3.13579
1.90379
0.00586812
2.28944
0.312742
-2.16516
2.00816
0.0339421
3.29044
2.06165
-0.675649
1.75124
-3.68681
-0.858926
-3.04163
-0.761837
0.296302
0.51452
-0.471926
2.54859
0.601509
-1.984
-0.713228
-1.65233
1.25427
1.87447
-0.782941
0.670852
-1.25653
0.560208
-0.400374
0.200929
-0.604624
0.738793
2.32268
-2.2822
-0.699964
0.173533
0.903841
3.08571
-0.853777
-2.96491
0.360561
-0.775084
0.243285
2.21457
6.22962
0.630755
-3.41124
1.71594
0.196577
-1.17278
-3.19577
0.0478839
-0.0480065
0.821775
0.837677
-1.1182
-1.15366
-0.260502
-2.19552
0.168462
2.23084
-1.82181
0.559926
-1.91768
-1.59105
-0.829786
-0.480905
-3.12558
0.232548
0.763968
-1.24484
0.1814
-1.96618
0.24844
-2.27847
-2.47575
-1.5682
0.418596
-4.61436
0.0576875
-3.26078
-0.0476699
1.59993
-0.214723
-1.39533
-0.106099
-0.324461
0.364361
0.946341
1.59906
-2.06683
-0.835007
1.02168
0.65919
-1.05117
-0.46202
-3.53365
2.99206
-2.26226
0.860817
-0.793131
-1.49582
-3.45656
-1.68455
0.897495
-3.76809
0.528206
-2.20451
0.612388
-0.0907161
1.2485
2.36437
3.92323
-3.71443
-0.356441
1.34086
-1.53976
-2.03254
-2.52002
0.141503
-3.00676
0.271061
0.48485
-0.49028
0.255342
-0.871253
0.650056
-1.90644
0.77069
1.67618
-0.277113
0.176588
-3.39601
-0.541572
-2.90906
-2.24479
-0.897229
-0.485155
-1.5405
-3.56627
0.757408
0.97647
2.31989
-4.42334
0.51941
0.539699
2.93068
-0.839863
0.810963
-0.0337599
1.28872
-0.552234
1.7943
-0.440757
1.0505
1.13474
0.755245
-1.85718
-1.43984
-0.85078
2.63818
0.762699
-2.01125
-1.19361
1.36713
-2.2747
-0.970199
2.21068
-0.586688
-0.301285
-2.49639
1.81374
3.26467
3.68586
-1.11647
-0.811011
-0.0759671
2.07535
-0.766083
-1.76934
-3.38365
2.30675
-0.45568
-1.792
1.14874
0.279384
0.599369
-0.156642
-0.837659
1.69363
-0.0332223
-1.07526
-2.45235
0.25771
-0.306124
-1.51589
-0.0242062
0.260479
0.322286
-0.717977
-1.65481
0.487637
-2.43543
-0.718506
1.43832
-0.250564
0.295617
1.13915
-0.99805
-1.95303
0.299469
1.41529
1.69904
-0.272964
1.70352
-1.88647
-0.172229
-0.364773
-2.02245
-0.960053
1.28024
-2.86191
-0.400861
-0.867359
-3.84031
-2.9289
-3.42593
-1.11534
0.421024
-1.22102
1.39715
-1.13448
0.109968
-1.91682
-0.360035
1.37068
-1.45248
-3.45616
-0.103304
1.32964
-1.89816
-0.106165
-3.57327
-1.02935
-1.54279
4.26073
-0.567463
-0.185569
-0.0377887
-0.679685
2.03985
1.11864
-0.834878
0.42397
-0.870758
2.06396
0.239258
-0.204855
1.84431
-0.748293
-0.0799095
2.13809
0.146506
0.205884
1.43799
-1.8452
0.940037
1.18917
-1.50859
-0.749363
0.344739
1.29631
1.10734
-2.25413
1.99073
0.792358
2.37477
1.51375
1.68645
0.500023
0.648322
2.0091
0.0717991
-3.52238
-0.230078
-0.622537
3.18713
-1.29042
-1.04723
-0.492421
0.341447
1.64344
0.0288276
3.11134
-0.506946
-1.49138
1.73027
-0.505186
1.73074
-0.252697
-2.19114
-3.92482
0.280547
-0.564593
-2.85289
0.833541
1.46958
0.0283565
-1.06544
-0.281378
-1.13116
1.82673
3.10818
-4.38723
0.940361
3.01629
0.969501
1.39852
-0.448151
0.67322
-1.07045
-0.893673
1.94746
-0.723256
-2.16672
-0.256496
-1.02732
2.40415
1.52193
-0.773266
-1.14203
-0.303506
0.136966
-0.979925
-0.0185826
-1.2196
0.772574
-0.578248
2.07588
1.89389
-0.56526
0.188347
0.39881
0.33113
1.63759
-1.07031
0.204184
0.477346
2.95851
-0.104254
2.29551
0.0564274
1.82728
-0.0495729
1.67808
0.501069
-1.76471
1.97531
5.9553
1.64361
-1.61203
2.15109
-0.691558
1.33266
-0.908882
0.79801
1.12143
2.46688
-1.31878
-1.78656
0.140581
2.91798
-0.422966
-2.11251
-1.08801
0.200902
2.7991
-0.736377
-1.72298
0.554092
-0.396717
-4.08302
-0.868823
0.863814
-2.00315
1.01071
-1.16106
1.17415
-0.552868
0.556315
-3.75541
-0.785372
-0.990485
0.741446
2.34166
3.43777
1.38118
2.02263
0.868862
-0.0978533
1.70741
0.0420368
-1.33971
0.131118
1.47614
-1.16141
0.193075
0.33112
2.78516
1.68276
0.927621
-1.16154
-0.21166
-1.65594
-0.634928
1.96118
-0.43272
1.03329
2.36592
-3.1887
-1.6689
2.52902
3.94929
-1.64507
0.499294
-0.973671
0.310081
1.28828
-0.936793
0.160597
0.825047
-0.599171
0.292055
0.648845
-1.47298
4.05265
-3.14714
0.592112
-0.235082
-2.10755
-0.324401
-1.5794
-1.41311
1.41113
-0.595241
-0.397292
1.49844
-0.37825
-0.513295
0.722209
-0.15842
1.40889
-1.6578
0.646475
1.68157
-0.637676
-2.44979
0.0175481
-1.10828
-1.51213
-3.35646
0.866387
2.00304
2.11376
-0.217484
-1.20621
-0.111723
-0.76079
-0.151626
2.06403
2.32819
0.601903
1.66434
1.29129
-0.131327
0.988774
-1.01467
-1.37187
2.55671
-2.86405
1.64713
1.09084
2.05498
1.3268
2.89976
-2.87845
-3.70545
-0.472129
1.13616
1.84267
-0.00559792
-2.10999
-1.9525
-0.0619884
1.03018
2.16467
-0.157408
0.880049
-1.13126
0.0883698
-0.674034
-0.241149
3.21471
5.75716
1.08082
-0.787674
0.806467
0.174157
-0.168733
1.52772
1.40997
-1.68022
-0.6326
0.423145
-0.393516
-0.499995
2.8073
2.90089
2.5341
2.04217
0.763225
-1.18698
1.02569
-0.942968
1.09326
3.48269
0.503607
-0.873132
1.35924
-0.88387
1.94413
1.42473
0.706413
-1.04194
-3.45607
0.631289
-0.288157
0.202822
2.46351
-3.91247
0.823028
0.249442
1.39023
-0.124219
1.08458
-4.54902
1.11495
0.868681
1.095
1.7136
-0.975726
1.46587
-4.03755
-1.37812
-1.13239
-1.90895
0.33148
0.891137
0.59641
0.751053
0.688717
0.0703223
0.246923
-1.81931
-0.242484
-2.88301
-0.680882
0.178848
-2.6301
-2.10898
-0.677572
0.881217
-2.75545
-0.650149
0.174084
-0.530681
0.0466369
-2.47822
-0.637839
-1.52955
-0.271859
-1.14409
-1.07592
2.48348
-0.347864
-3.05824
0.127277
-0.439889
-3.14853
-1.50623
-2.16551
-1.51202
-0.295732
-3.37909
-4.56097
-1.68467
1.81949
0.178907
0.816736
0.44075
-0.606139
0.630779
-1.60258
1.1441
0.485324
-3.22073
-0.696189
1.06785
1.61028
-1.1858
0.519419
-0.953487
-1.23612
2.58639
-0.121865
-0.972702
2.65232
0.273889
1.45345
-1.25881
-0.906427
0.229968
0.28927
3.49175
-1.26042
-0.225113
2.54198
0.239813
-1.24337
-0.0691679
-0.0048016
-0.258709
1.0972
0.812853
-1.19738
-0.0515677
-0.77264
0.879297
-2.22168
0.53253
-1.35629
-1.15068
1.04544
-0.861601
0.0470284
-0.933111
-2.88297
0.185209
1.02536
-3.85693
3.04783
-3.00062
0.967483
-2.4428
-0.329199
2.02253
0.675422
-3.08939
-2.43662
-0.894208
2.57832
-2.02783
-1.49875
-1.6307
0.185515
1.3585
-0.0164857
-1.77612
1.26878
-0.774174
-1.02291
-3.45174
2.72682
-0.175744
-1.27146
-0.161062
0.000726674
-2.27998
-0.882377
2.68705
3.26806
1.84429
0.754715
-2.47195
-2.15503
1.41894
1.91202
-1.37724
1.22613
0.299986
-0.16814
2.9044
-1.28332
0.932806
-1.74184
0.471011
-1.17677
-2.50467
-0.0321058
1.52602
-1.64942
-0.108808
0.0326874
0.32798
1.87522
-0.551068
0.781251
0.384833
0.190586
1.25022
0.313792
-3.19081
-0.849259
2.77556
1.15284
0.494276
-0.165359
3.22834
-1.61159
-1.84332
0.865405
2.18986
2.22227
2.01021
2.08952
2.14681
-1.48801
1.11317
2.68025
-0.107437
-0.73352
0.549743
0.163821
-0.493534
1.15077
0.161913
-0.82352
-1.00013
1.16891
-1.85362
0.75109
1.69582
-1.97185
-2.54842
2.38847
-1.31751
1.87263
-1.24287
2.48009
0.801353
0.924479
3.61674
-0.799889
1.82382
0.17368
-2.13613
-0.550888
2.77941
0.483097
-0.897365
2.30934
4.83691
1.47299
1.25577
0.0997116
-0.844141
3.16659
-2.56855
0.490291
-0.0152931
1.21075
-1.22398
-2.36896
0.629036
0.36696
0.232092
1.25201
-2.50661
0.890015
-0.46418
0.141639
-1.55596
-0.059403
0.691908
-0.375103
0.66144
0.520824
3.55645
0.803104
-0.344691
0.0685827
-0.656398
0.3025
-2.16008
-0.369512
0.657069
0.107111
1.35198
-0.517197
0.289929
3.52137
5.82488
-1.25073
3.42732
0.124714
-1.41847
-0.19767
0.885329
-0.0814666
2.14427
0.29992
-0.835044
-0.572638
-0.194323
-0.0315952
-1.98854
-1.26004
3.93269
0.509961
0.51642
-0.877791
2.23768
0.5692
-0.564993
2.02084
-0.343052
-0.847867
-1.56214
-2.47831
-1.91756
-0.25162
-1.17784
-1.89992
-2.03061
0.4509
-2.31935
0.549976
-0.199661
-2.86008
1.92201
2.27694
-2.21799
-0.23299
-0.262809
3.63454
0.459252
-0.244926
-0.0546027
1.0059
-2.20654
1.42283
2.40249
0.50157
-0.945326
-0.439245
0.723838
-1.0954
-0.681244
-1.59106
-1.15743
0.436968
2.41806
-1.13227
0.241754
-0.135945
-0.923762
0.214867
-1.55738
2.30743
-1.19676
-0.0113222
1.14771
-0.286358
-0.105959
1.05463
0.0772315
0.336297
1.38334
-0.553493
1.70168
0.204799
-0.0548215
-1.67147
1.07558
1.82627
0.891487
-2.02018
-1.75191
-0.784329
-0.958817
-0.656262
-1.25645
2.83083
-2.93417
-0.900069
-2.51859
0.28343
-1.59964
0.0169559
0.825185
-1.18661
-0.356394
0.33948
1.31264
2.32513
-0.514957
-1.13456
-1.45972
0.77769
-2.15985
0.56026
6.42733
2.0534
-1.76989
2.27251
0.0460282
-0.883409
-0.706237
-0.809831
0.729881
0.949759
3.14766
-2.50409
-0.169297
0.420484
-0.45833
-0.127268
-2.53975
-1.04814
4.4051
2.73151
-1.58977
-0.0752041
-1.86993
0.70027
-0.60947
3.58041
0.617948
-1.82574
2.28463
2.28412
-2.15624
-1.13661
2.57868
-1.66897
-0.185189
-0.283246
-0.675852
1.21798
-1.54894
-1.70749
0.485359
1.07005
-0.465384
1.21156
-0.651571
-0.617328
-0.892804
1.44152
-0.644128
0.507777
-1.61496
2.07442
-1.23685
-1.48721
-0.165422
-0.668686
0.396064
0.306045
-0.784707
-1.46782
0.075885
2.66211
-0.41875
0.00786374
-1.70031
2.95173
0.131116
-2.69374
-1.57738
0.376555
0.0617952
1.81443
-1.88789
-2.07992
-3.46235
-0.533085
-0.602858
0.42711
-0.208542
1.48124
-2.02901
2.53545
-0.707079
-0.145532
-2.8618
0.34802
-1.10163
0.881178
-1.70876
0.616976
-1.73228
-0.534694
-1.73159
-1.6927
0.56735
-2.04127
2.29015
0.48552
-1.34083
-1.11422
2.17843
0.799549
-0.146508
0.40002
-1.16275
-1.82865
-0.0929066
1.22189
-0.679805
4.37093
-1.40991
-4.62289
1.39252
0.404017
1.73407
-0.36837
2.50955
-3.18059
-2.33725
-0.348297
0.0995514
-4.12378
2.21754
0.61526
2.09078
1.17696
-1.52191
-1.20582
-0.204611
0.883563
2.97878
0.875695
-1.61259
-3.76943
-0.0454223
0.633428
1.07462
-0.775585
2.909
0.332723
-1.20058
1.79497
0.0375821
-2.10678
1.69563
2.58201
-3.30687
-3.48542
-3.58067
-0.353564
-0.869091
1.3438
-2.02233
-1.06019
-0.147887
-0.290303
2.0634
0.232458
-0.804802
0.768128
1.00939
-1.82493
2.64652
-1.21769
-0.612208
-1.98231
0.297919
0.351579
-3.48583
3.73865
0.375648
-0.236264
1.24448
-0.331015
1.98313
1.53839
6.60292
0.6362
4.36414
-0.814794
1.21619
3.50334
-0.653854
0.768365
-0.26318
2.2704
-1.21053
-0.142843
1.807
-1.54568
-3.33269
1.18827
-0.45301
1.90778
-1.79149
0.799767
1.21008
-5.13117
1.79849
-0.629602
-2.63941
-1.86406
-1.20163
0.772708
-5.21411
0.365937
0.669001
-2.62297
-1.71014
1.67026
0.762277
-1.30326
-3.48668
2.30404
2.60136
1.04557
-3.55318
5.44959
5.12898
-2.56964
-0.881368
-1.20883
-0.488786
-1.91279
0.112925
0.713361
-2.0974
-0.943577
-1.80917
-1.91293
-0.476826
-1.74742
0.349179
-1.01908
-0.640785
2.11839
0.201861
-2.03695
-0.0663679
-1.97811
0.840366
-0.73419
-1.05765
-3.03237
1.03243
-0.422437
-0.858072
1.18234
-2.5627
-0.969022
-0.175466
0.0490243
1.39152
0.116116
1.40499
0.357603
1.09809
-1.30752
-0.995515
-0.350505
0.803632
0.011221
2.80662
0.890349
0.68085
1.86012
1.32962
0.115829
1.47303
-1.12254
1.56645
3.08138
0.316614
-3.27539
1.17301
-2.33481
-2.50838
0.0937701
-0.757982
2.26218
1.89411
-3.17349
1.55749
-1.71958
0.786846
2.5312
-1.76856
-0.608289
-1.7244
1.62778
-2.12666
-7.00258
-1.20221
1.46261
-0.5681
1.8685
-1.0449
0.565894
0.905053
1.17839
-0.867767
-1.20493
0.643718
0.928217
2.38005
0.969751
-0.0577783
-1.64941
-1.82068
-0.252265
-0.708425
-0.468276
-1.06199
-0.384628
1.85718
0.381131
1.11005
-1.34781
-0.663063
0.4278
-0.131038
-0.149038
-2.43052
-1.11444
-0.137165
-1.27317
0.289215
-2.42181
-1.99243
-0.427193
0.857824
0.576385
2.26735
0.391942
1.18839
-0.331299
-0.130088
0.0923127
-2.35147
2.77084
-1.24522
3.10415
-0.315035
-1.22065
-0.368954
1.794
-0.836657
1.89118
-1.35319
0.869581
0.453361
2.1678
-2.46444
0.25582
-0.472313
-1.05671
-0.664798
0.293552
-0.31848
-1.7011
-2.61628
0.0400181
-1.29595
0.456886
-0.423083
-1.18307
2.24222
-2.08615
1.57162
-2.66698
-0.773643
1.65379
0.385056
1.12246
-1.10413
1.52899
-0.283163
0.0522584
-3.59599
-1.28643
-4.6135
-1.11671
0.328378
-0.26421
-1.21412
3.49009
0.126789
-0.612632
-1.11553
-0.204683
-3.20364
1.30901
-0.808409
-0.142723
2.191
-0.265289
-1.83547
-0.314163
0.361398
0.272427
1.75429
0.240341
-1.71512
-0.232566
1.28465
-1.56323
0.620095
-0.689004
0.659831
-1.30076
-0.101747
2.37705
0.913635
-0.825438
1.80206
-3.01931
0.471032
-4.43938
0.905314
2.01319
1.4037
1.87811
1.58505
0.144737
-1.5738
-0.282894
-1.72249
-3.30797
1.45149
-2.06917
-1.33335
1.6477
1.74114
0.18148
-4.00045
-0.985314
2.21196
-0.778429
-1.22683
0.415418
-0.416315
1.29549
-0.232726
1.97638
-1.03333
-1.92952
1.20901
0.790329
-2.0078
5.422
-2.1276
-0.827824
0.420358
0.927588
1.27799
1.32407
0.05259
0.953652
4.37419
4.11742
-0.551474
-1.01225
0.094178
-2.64371
-1.62569
-1.25248
-0.20689
-0.152244
2.29148
2.92266
0.0174359
0.639748
-0.00159822
2.3353
-0.272081
-0.696529
-0.840933
-2.5961
-2.79693
0.985087
2.03311
-0.53488
-1.30931
1.05456
0.62973
1.02622
2.53543
-1.02668
-1.41806
-0.589262
-0.212113
0.871473
0.886751
-1.87152
-1.64755
0.633399
-0.574114
-0.806895
-0.041843
-2.72601
0.897665
-3.79056
0.702226
2.89791
0.916102
-0.3068
-0.856967
-2.36253
-0.801048
0.808468
-0.36921
0.606486
-2.97209
0.292692
2.32981
2.13561
2.1422
-2.42465
0.743522
-2.09326
-1.42715
-1.50153
-2.45523
0.314468
2.10842
0.100685
0.659085
-2.85174
1.85291
0.915914
-1.90542
1.50733
-2.43733
-0.998793
0.0433785
-0.208061
-1.65903
0.85836
0.399361
1.08488
-0.347872
-0.22596
2.03202
-0.316659
3.46952
1.87248
3.23785
1.00172
0.517275
-3.03139
1.15927
-0.481768
-3.06757
-1.82597
0.241115
-0.59042
0.602853
-0.423042
-2.21541
-0.176423
-0.879392
0.0850817
0.260603
3.42337
