27 2 81 9
1 2
9648
-1.8755
0.874264
-0.634907
0.0489212
0.971007
0.769677
-0.104526
0.23838
-0.732383
-0.64565
0.840724
-0.301859
0.133946
-0.746635
0.270089
-0.117954
0.434217
0.562761
0.280831
-0.871013
-1.06322
-1.03755
-2.81672
-2.16713
-2.09801
-2.83106
-1.78507
-1.57797
2.40053
0.690695
-0.812922
0.480117
0.548692
0.351817
-0.773278
-0.980438
0.656514
-0.782922
0.940672
0.342601
-0.00582904
-0.249245
-0.679647
0.636036
-0.322306
0.195502
-0.218482
0.829898
0.978157
1.19163
1.00648
1.20579
1.20824
0.871037
1.4576
2.54318
-2.10999
0.725761
0.958617
-0.122745
-0.0492264
-0.917508
-0.895322
-0.71868
0.292642
-0.545152
0.118839
-0.667837
0.16071
0.305094
0.623005
-0.453017
0.850215
0.631581
-0.292673
-2.20563
-1.62529
-1.79693
-0.969417
-1.02411
-2.1243
-1.74923
-2.15079
-1.93283
1.26983
0.972503
0.470534
0.712302
0.427503
0.084109
0.238746
-0.264077
0.0256966
0.170293
0.477706
0.847652
0.565966
-0.143651
-0.876797
-0.956816
0.0949736
-0.83816
-0.669057
0.353852
0.770857
0.68864
1.09155
0.232693
0.434787
1.12698
1.56299
-0.0146899
-2.48096
-0.837672
-0.720573
-0.993561
0.973022
-0.730491
0.173803
0.0972625
0.516648
0.63036
-0.975677
0.406934
-0.031312
0.826136
0.952635
-0.40022
-0.167516
-0.336802
0.752129
-1.87089
-2.24841
-1.2937
-1.58137
-2.50284
-2.12475
-1.18762
-1.01625
-1.84678
-2.61111
0.200293
-0.581103
0.466842
0.0245979
-0.430403
0.575274
-0.489364
-0.792291
-0.439833
-0.704733
0.32139
0.673788
0.428968
0.749443
0.771996
0.0524003
-0.761895
-0.212714
-1.44583
-1.45935
-2.66953
-0.905496
-2.0779
-1.65659
-1.41064
-1.43276
-0.952403
-1.16653
0.0954009
-0.577502
0.759148
-0.310587
-0.511155
-0.349681
-0.24839
-0.960082
-0.0894803
-0.792505
0.138554
-0.007416
-0.852474
-0.830805
0.292856
0.0726646
0.0443739
-0.640126
-1.79344
-1.13821
-2.06808
-1.06301
-1.30441
-1.66288
-2.47837
-1.53815
-2.10394
-1.47579
0.0223395
-0.665517
0.620045
0.913236
-0.737175
-0.587939
0.0900601
0.548021
-0.104862
0.929807
-0.724052
0.658315
0.254341
0.327311
0.536821
0.979766
-0.220344
0.819666
-1.8045
-1.77182
-1.92569
-1.61239
-1.93613
-1.97095
-1.86566
-1.54314
-1.81637
-1.21166
0.878628
0.633412
0.542863
0.858852
0.61858
-0.342326
-0.634175
-0.469527
-0.729911
0.522904
-0.632466
-0.704245
0.108402
0.463973
-0.177038
-0.668172
0.864467
-0.634846
-2.42136
-1.07091
-1.93687
-2.08034
-1.03078
-0.850263
-1.15798
-2.23406
-2.54889
-0.4362
0.518387
-0.12949
-0.0108646
-0.33256
-0.344859
0.0291452
-0.0253914
0.613178
-0.23545
-0.470809
0.103671
-0.639668
0.888089
0.712485
0.357036
0.51561
0.148747
-0.594836
-1.39863
-0.969572
-1.36726
-0.33793
-0.544724
-1.14926
-0.678456
-0.0520633
-1.2815
-2.90194
-0.936094
-0.314463
-0.368297
0.518143
-0.343455
-0.455885
0.179632
-0.0576495
0.853053
-0.567705
-0.683767
0.965514
-0.37495
0.568468
0.686758
-0.347514
0.52617
0.986755
-1.20899
-2.16187
-2.29624
-1.47853
-1.2956
-1.62535
-2.62157
-1.0552
-1.26044
1.18075
-0.0748924
0.138615
-0.316385
0.0628681
0.463271
-0.473617
0.654927
0.911588
-0.333262
-0.53032
0.471236
0.403974
-0.592547
0.954161
0.863674
0.0271615
0.0390332
0.652974
0.0861074
0.644596
0.169118
-0.0480825
-0.107777
0.0786609
0.975234
-0.0890994
1.35974
-1.00248
0.260598
0.24424
0.0345164
-0.167364
0.783258
-0.254311
-0.147679
-0.778222
0.129521
0.650075
0.988006
-0.738456
-0.364696
-0.245308
-0.918882
-0.670278
-0.252876
-0.393536
-1.14753
-1.14882
-2.28795
-1.80008
-1.88465
-0.98664
-2.5581
-2.16795
-2.38903
-2.4044
-0.259957
0.493088
-0.92642
0.300424
0.046144
0.193274
0.613666
-0.845515
-0.20661
-0.0706809
0.675558
-0.278298
0.499344
0.923948
-0.0881375
0.485092
0.814783
0.99353
-1.60494
-1.00522
-1.68413
-1.06971
-0.989869
-1.88443
-2.10941
-1.30806
-1.86001
-1.95467
-0.964324
-0.118473
-0.990997
-0.538896
-0.716941
0.436323
0.0140996
-0.600818
0.474166
-0.69039
0.0160222
0.94882
-0.596942
0.855342
-0.308176
-0.236976
0.637135
-0.87524
-1.69526
-1.65693
-0.958695
-2.18658
-2.43417
-0.860822
-2.1129
-0.767588
-1.02962
-1.24478
-0.698294
0.502915
-0.81872
0.532487
-0.666494
-0.0322886
0.686941
-0.170812
-0.845485
0.689138
0.278359
-0.00579852
0.484146
-0.190619
0.337413
0.338542
0.706168
0.375744
-2.27993
-2.15426
-1.2188
-1.91023
-0.353391
-1.50913
-2.30474
-0.666389
-1.35617
-0.705261
0.153294
0.580218
-0.21247
-0.0936003
-0.480178
-0.710379
0.342631
0.286233
0.920866
-0.681234
0.889279
0.375835
-0.2725
0.89407
-0.502396
0.564226
-0.515519
0.649098
-1.35637
-1.55902
-1.96915
-2.0825
-1.16234
-0.45742
-2.15739
-0.552333
-0.484399
-2.14722
0.946226
-0.862972
-0.433882
0.412305
0.39143
0.282205
0.685537
0.871853
-0.296426
-0.492477
-0.429334
-0.620655
0.0418104
0.895322
-0.0686666
-0.390271
-0.124973
0.19367
-2.50963
-2.36516
-1.03251
-1.01938
-0.92032
-2.46309
-2.12943
-1.3459
-1.95703
-1.19459
0.802911
0.09476
0.074221
-0.895993
0.840297
0.669668
-0.65981
0.261147
-0.497635
0.562578
-0.254311
0.52736
-0.148961
-0.866878
0.237037
-0.959593
-0.843898
-0.00460829
-0.895814
-0.141183
-1.12156
-1.32225
-1.55416
-1.92832
-1.99201
-1.85272
-1.36415
0.161473
-0.366802
-0.527726
0.550554
0.634266
-0.657155
0.556749
0.320597
-0.0364086
-0.537736
0.972442
-0.740959
-0.322977
0.161351
-0.626331
0.76455
-0.671499
0.539781
0.351054
-0.602435
-0.405316
-0.819941
0.660756
0.563066
0.114261
-0.0643941
-0.0311594
0.0864895
-2.01039
0.632588
-0.824702
0.226814
-0.488907
0.871212
-0.667226
0.330088
-0.493362
0.101627
0.09653
-0.1583
0.514634
0.41554
0.163823
0.210578
0.396649
0.572069
-0.178594
-1.30022
-1.44656
-2.33288
-0.899391
-2.01033
-1.01591
-1.61316
-2.59143
-2.5386
-1.89964
-0.00466933
-0.586566
0.160039
0.808649
0.144108
-0.66686
0.0786462
0.730979
-0.354289
0.880398
-0.16364
0.354015
0.200842
-0.294321
-0.808069
0.316904
-0.350597
-0.136479
-1.64432
-2.52716
-1.32696
-2.17064
-1.25405
-1.37527
-1.3023
-1.96553
-1.81425
-2.37873
0.980956
-0.504776
-0.471267
-0.768883
0.828547
-0.690786
-0.430891
-0.366558
0.374279
-0.742637
0.923704
-0.927488
-0.56798
0.934874
-0.95941
0.390057
0.519211
0.230079
-2.62773
-0.707537
-0.917199
-1.92004
-2.58519
-1.36243
-2.52943
-1.56819
-0.736194
-2.24354
0.461165
0.138554
-0.341746
-0.336741
0.651784
-0.495834
-0.0966826
-0.875393
0.212561
0.102603
-0.860714
-0.870907
0.762597
-0.00711081
0.357646
-0.439772
0.764275
-0.0982086
-1.72015
-1.31932
-1.47347
-2.07859
-0.668055
-1.9336
-1.19419
-1.09885
-2.37694
0.486389
0.680685
-0.317179
0.633961
-0.860836
-0.0244453
0.237892
-0.62743
-0.555559
0.575976
-0.532548
0.0233772
0.709281
0.283792
0.964599
0.732688
0.870418
0.248451
0.915403
-0.166616
0.180441
1.00468
0.171621
0.879895
0.493225
0.88078
0.445586
-0.0270851
-1.54554
0.769127
-0.167547
0.137822
0.285989
0.973907
-0.874264
-0.0369579
0.118015
-0.135777
-0.53502
0.083285
0.821863
0.567949
-0.944945
0.222114
0.00686666
0.669149
0.91934
-0.746897
-1.99092
-1.3056
-1.99947
-2.45203
-1.93391
-0.964555
-1.25515
-2.27877
-1.8337
-0.933714
-0.766289
-0.441664
0.993286
0.702872
0.190863
0.0478225
0.901181
-0.461348
-0.945219
-0.955657
0.0317698
-0.297067
-0.547411
-0.367565
0.059389
-0.942167
0.563128
-1.20844
-1.04941
-0.54933
-1.15427
-0.608902
-0.994442
-1.8156
-0.0613082
-0.394937
-0.791746
-0.268136
-0.417188
0.428388
0.264687
0.773217
-0.454878
-0.962249
0.710837
0.578692
0.958342
0.0455031
0.8211
0.332499
0.235115
0.735679
-0.713492
0.510269
-0.292703
-1.13783
-2.4684
-1.26326
-2.49349
-0.957888
-2.21488
-1.38628
-1.59893
-1.44258
-2.46972
0.18601
0.553636
0.396558
-0.37318
-0.914304
0.691763
-0.158177
-0.285134
-0.154118
-0.781915
-0.119053
-0.170415
-0.273507
0.362468
0.164098
0.344676
-0.276803
0.949126
-1.41836
-2.41555
-1.91843
-1.35268
-2.1953
-0.997386
-2.23622
-1.40395
-0.983714
-0.941707
-0.479446
-0.265847
0.806452
-0.297281
0.456709
-0.587786
-0.210578
0.384259
0.302774
0.913114
0.799371
0.023896
0.640919
0.827418
0.632862
-0.858425
0.164312
0.795923
-2.42384
-1.75771
-1.00329
-2.27927
-2.24967
-1.81298
-0.886804
-0.93478
-1.75994
-1.21314
-0.00274667
-0.4532
-0.651204
0.0610981
0.39082
0.017365
-0.637379
-0.505325
-0.0222175
-0.0411084
-0.687735
-0.37907
-0.685568
-0.348735
0.760186
0.154881
0.298044
0.171453
-2.27558
-0.790187
-1.67925
-1.4001
-1.15452
-0.653281
-0.908538
-0.581715
-1.75222
-0.5764
-0.980926
-0.601672
-0.452834
-0.699118
-0.0504471
-0.195318
0.270516
0.222236
0.251106
-0.574541
0.109653
-0.00152593
-0.822047
0.368664
-0.923704
0.21894
0.814631
-0.76632
-0.606979
-2.40769
-0.865868
-2.44996
-1.44163
-1.92056
-1.01422
-2.37669
-1.63298
-1.85601
0.943236
0.186102
-0.883511
0.846065
0.421308
0.454299
-0.252205
0.150548
-0.55266
-0.793634
-0.486068
0.765099
-0.687216
-0.579913
-0.00656148
0.834803
-0.295602
0.525559
-2.39555
-1.61614
-0.939449
-1.44795
-1.10788
-2.67009
-1.00027
-1.30576
-1.90444
-1.20616
0.281961
0.697592
0.0113529
-0.951659
0.0747093
-0.647053
0.655904
-0.537278
0.423383
0.627674
-0.329203
-0.61626
-0.823847
-0.0781579
0.768548
0.925932
-0.826136
-0.176092
-1.25072
-1.30815
-2.24437
-2.82886
-2.41695
-1.48278
-1.0427
-1.74451
-2.00434
-1.6785
0.435896
-0.295785
0.171819
0.120548
0.726157
-0.173864
0.732414
-0.475692
-0.2266
-0.0574358
0.863918
0.164373
0.989135
-0.139439
0.842036
0.520035
-0.678426
0.37904
-1.72907
-2.25887
-2.1125
-1.82337
-1.1107
-2.02531
-1.29595
-1.17009
-1.1761
-1.14842
0.698813
-0.0862758
-0.463637
0.577258
-0.418836
-0.634877
0.78106
0.745323
0.75103
0.142338
-0.273598
-0.896359
-0.0883816
-0.622364
-0.35316
0.338725
0.620441
-0.507126
-1.62185
-1.28496
-1.63985
-1.54436
-1.15357
-1.5237
-2.29085
-2.28187
-1.49376
-1.23441
-0.653279
-0.0229194
-0.86993
-0.75573
0.332377
0.107273
0.645589
-0.276589
0.394391
0.672903
0.571429
0.0163884
0.733604
-0.995575
-0.168065
0.0123905
0.849513
-0.0468459
-0.420118
-1.06113
-1.20884
-1.6379
-0.581591
-0.05237
-1.78518
-1.73971
-0.664907
-2.67731
0.229163
0.435194
0.00424207
0.0144047
0.216346
0.0478835
0.835597
-0.240852
-0.972015
-0.448073
0.0963775
0.9111
-0.426984
0.98999
0.763726
0.920164
-0.550798
-0.626087
-1.24835
-1.57471
-1.89677
-1.16134
-1.75581
-1.97173
-2.28506
-1.3168
-1.77488
0.80885
0.387158
0.180517
0.481887
0.976104
0.448775
-0.820368
0.272225
0.76516
-0.150426
0.177557
0.634297
0.239051
0.369579
-0.876278
-0.724204
-0.654592
0.0810572
-0.666158
0.132072
1.15359
0.790265
-0.215839
0.860427
0.184625
-0.116868
-0.58432
-0.255117
-1.83644
0.427442
0.421583
0.915677
0.492599
0.719901
0.84753
-0.659597
0.271981
-0.505966
0.00918607
-0.163976
0.645863
-0.894986
0.367016
-0.861751
0.111606
-0.777123
0.659383
-2.0154
-1.259
-0.657026
-1.35962
-0.341312
-1.14908
-1.77504
-0.788713
-1.88152
-1.20507
0.923368
0.0287179
-0.537248
0.234779
-0.340648
-0.388775
0.480667
-0.444258
0.20835
-0.681265
0.228431
0.103824
-0.527696
0.144292
0.962798
0.205359
0.389416
0.0713523
-1.84
-1.94624
-0.279867
-0.661318
-1.87016
-0.562529
-1.21483
-0.310202
-1.68534
-0.92827
0.279733
0.607379
0.443159
-0.907315
0.176305
-0.942442
-0.618519
0.815149
-0.329203
0.299814
0.930754
0.87698
0.666921
-0.0117801
-0.159124
0.208014
0.140843
-0.868282
-2.17077
-1.22644
-1.64573
-1.96462
-2.20468
-2.14413
-1.58927
-2.57984
-1.9709
-0.932382
0.916868
-0.15009
0.465865
0.0884121
0.204993
-0.272958
-0.602222
-0.982849
-0.775872
-0.741081
-0.555284
-0.11066
-0.895108
0.672231
-0.92407
-0.71456
0.410047
-0.66921
-0.787205
-2.53045
-1.23717
-2.03325
-2.62387
-1.76578
-2.59555
-1.36468
-1.136
-1.80169
-0.0787072
-0.31431
0.669973
-0.694967
0.701468
0.0634785
-0.478164
-0.450423
0.849696
0.678762
-0.813837
-0.0467238
-0.911466
-0.129795
0.693258
0.232704
-0.0402234
-0.523667
-2.33176
-1.3321
-1.4607
-0.729327
-1.224
-2.39155
-1.56352
-1.86593
-1.57966
-1.1521
-0.266823
-0.324351
-0.473098
-0.0720542
0.0454421
0.19306
0.306009
-0.0907926
-0.429853
0.236366
-0.716605
-0.863094
0.0906705
-0.717338
-0.111148
-0.39787
0.272561
-0.313669
-1.21903
-1.30457
-2.36375
-2.46882
-1.42396
-1.29752
-2.60512
-1.31217
-1.76778
-1.46371
0.298715
0.498947
0.392193
-0.708121
0.155461
0.638966
-0.279824
0.236366
0.781915
-0.264657
-0.0683309
0.138585
0.666433
0.748863
-0.901852
-0.812708
-0.305002
-0.781304
-1.50882
-2.31646
-1.53003
-2.47918
-1.02574
-2.38311
-2.05751
-1.71515
-1.72693
-0.306759
0.991577
-0.403546
0.414563
-0.574419
-0.547288
-0.00405896
0.474136
-0.394086
-0.991333
-0.243812
-0.589557
0.943052
0.539995
0.796686
0.365154
-0.512162
-0.475692
0.180944
-0.956193
-0.98723
-1.07122
-1.46484
-1.29748
-0.0445746
0.227467
-0.314511
-0.973131
-0.269687
0.470717
0.627552
-0.993896
0.0902738
-0.0175481
-0.669271
0.215064
-0.585101
0.0220954
-0.810938
-0.662313
0.551866
0.713797
-0.594012
0.497909
-0.0533464
-0.0716575
0.556719
0.00613919
0.286909
0.323654
0.514364
0.397112
0.669673
0.562949
-0.154083
-0.448037
-2.05685
-0.103427
-0.186895
0.671377
-0.712638
-0.952452
0.570696
0.0764794
0.309702
-0.400433
0.912259
-0.701682
0.786065
-0.350108
-0.56209
-0.739952
0.230232
0.762352
-0.644612
-0.793386
-2.32273
-0.765187
-2.20639
-0.699145
-0.962123
-0.824027
-0.769612
-2.23954
-2.11794
-0.0573138
-0.551164
0.321879
0.151006
-0.261086
0.60213
0.500961
-0.137181
0.523179
-0.580676
0.151555
-0.97702
-0.454604
0.962615
0.345042
0.413648
0.658254
0.400128
-0.881146
-0.893293
-1.7949
-2.72208
-0.87782
-1.44107
-0.907697
-2.20241
-1.82704
-1.03757
-0.484054
-0.29603
0.0249641
0.207343
-0.934416
0.642384
-0.0458998
-0.920621
-0.59151
-0.33787
0.10596
0.5562
-0.184881
0.67513
0.377331
0.515946
-0.994568
0.150365
-0.327584
-0.00753688
-0.785179
0.755975
-0.40797
-1.05582
-0.116152
-0.0442812
0.0604584
-0.508101
-0.327799
0.380596
0.560991
0.240852
0.228523
0.207526
-0.25483
-0.636708
0.16953
0.221839
-0.554918
0.270363
-0.784143
-0.599261
-0.332102
-0.581042
-0.439528
0.371563
-1.83962
-2.27808
-1.76232
-1.12201
-0.942715
-1.82159
-1.65044
-1.02045
-2.06915
-1.43661
0.759087
0.0497147
0.532212
0.25779
-0.473403
0.728416
0.153142
0.850764
0.367931
0.4391
0.255715
0.0209967
0.139714
0.68215
0.382061
0.999145
-0.0284433
0.0912809
-2.33898
-1.49088
-2.10298
-2.50159
-2.22759
-1.4097
-2.10338
-1.05538
-1.39105
-0.836253
-0.23307
0.3614
0.10889
-0.626392
-0.506516
-0.452773
-0.369488
0.80636
-0.652394
-0.64214
-0.22898
0.329417
-0.966735
-0.570788
0.248329
0.346568
0.721854
-0.915891
-0.995011
-1.14983
-1.54172
-1.57468
-1.02498
-1.94905
-1.79102
-1.69648
-1.51492
-1.17046
0.173376
-0.339061
0.400372
0.416639
-0.731315
0.972808
0.881802
0.140202
-0.277322
0.83166
0.879696
0.426527
0.616657
0.88934
0.696707
-0.850673
-0.589373
-0.682699
-0.31823
-1.17195
-1.56458
-0.956067
-0.648043
-1.56067
-2.20156
-1.35946
-1.96602
-2.51031
0.280618
-0.748955
-0.451155
0.365184
-0.800867
0.377331
0.388165
0.222175
0.344432
-0.883969
-0.743339
-0.96765
-0.51091
0.141362
-0.658437
-0.479659
0.618213
-0.737571
-2.57107
-1.51825
-1.90687
-1.96144
-1.01493
-1.87333
-2.33645
-0.832678
-1.00212
-2.09568
0.465957
0.502396
0.862056
-0.465102
-0.926572
-0.0292673
0.303323
0.119968
0.486373
-0.703421
0.85699
-0.372326
-0.199438
0.237495
-0.976745
-0.65743
0.146764
0.837123
-1.9494
-0.320784
-1.55688
-2.10236
-2.08848
-1.36409
-0.483906
-1.81528
-2.03159
-0.926668
0.40968
0.683309
-0.036195
0.180822
0.811487
0.968017
0.379406
-0.18891
-0.175146
0.999603
0.755394
0.789422
0.0443434
0.64742
-0.77749
-0.603381
0.923276
-0.675985
-0.227428
-0.851074
-1.21696
0.281254
0.311956
-1.42278
-0.3517
0.214907
-0.55947
0.447618
0.744896
0.200354
0.050264
0.287942
-0.209235
-0.936491
0.952177
-0.287057
-0.655965
-0.689688
0.0920743
-0.686544
-0.528428
-0.177343
0.465529
-0.297311
-0.78927
0.0393384
1.97617
1.20411
0.712946
1.01383
1.16386
1.0362
0.472674
2.06254
1.41911
-1.1661
-0.866024
0.0643635
0.150426
-0.337992
-0.107395
0.0338145
-0.812159
-0.614734
-0.50557
-0.925962
-0.885525
-0.0652486
-0.188818
-0.372509
0.345836
0.0692465
0.988311
0.580218
-0.223962
-0.748423
-1.3515
-0.606603
-1.17232
-1.56949
-1.80113
0.0621183
-0.57581
-1.11924
-0.362438
0.29078
0.873501
-0.748405
-0.53618
-0.992645
-0.700613
-0.17954
0.816065
0.747917
0.389966
0.300729
0.175573
0.544298
0.869411
0.814264
-0.0995209
0.221564
-1.02243
-2.95725
-1.95209
-2.73452
-1.21586
-2.03272
-1.41115
-1.02127
-1.55266
-2.51558
0.0771203
0.426801
-0.793054
0.517289
0.00186163
-0.0811182
-0.430769
-0.886288
-0.00335704
-0.359783
-0.591906
-0.606677
0.435286
-0.422651
-0.50444
0.832331
0.59624
-0.184088
-2.30739
-1.53743
-1.29274
-0.928315
-2.22962
-1.43498
-1.13462
-2.50176
-2.0969
-1.3657
0.790094
0.703879
0.8905
0.56325
0.545732
0.630818
-0.633839
-0.251534
0.240822
0.0328379
0.330851
-0.125065
-0.519547
0.433485
0.23249
-0.293161
0.0294809
0.638142
-2.33222
-1.76015
-1.31141
-1.21799
-2.57768
-1.03595
-1.64363
-1.21717
-1.64546
-1.89407
0.527085
-0.814997
0.551164
0.690359
-0.427229
-0.188513
0.130009
-0.743797
-0.517899
-0.632649
-0.0456557
0.641163
-0.0187689
-0.60097
-0.669485
-0.326121
-0.836695
-0.981292
-2.28333
-1.33989
-1.91592
-1.2783
-2.47893
-0.875271
-2.45009
-1.15433
-2.70937
-1.58636
-0.493301
-0.316996
-0.185461
-0.17777
0.432936
-0.293924
-0.924863
0.74807
0.323557
0.771538
0.145451
0.923185
-0.620594
-0.0748924
-0.811823
0.735008
0.77517
-0.740623
-1.91843
-1.1099
-1.754
-1.68997
-1.06629
-2.60027
-1.05988
-1.44902
-2.73556
1.45493
0.631672
0.658071
0.474837
-0.994842
-0.809931
-0.881832
0.830042
-0.15595
-0.955138
-0.585803
0.00582904
0.687246
-0.793573
-0.282968
0.407544
-0.337779
0.980804
0.100131
0.375826
0.673076
0.141871
1.49811
0.0462262
0.0309365
0.209683
0.660716
0.82335
-1.28362
0.806787
0.82989
0.242988
0.640736
0.824458
0.309519
0.709677
0.580279
0.451643
0.138249
-0.589892
-0.187201
0.095645
0.708274
0.952361
0.9317
-0.651662
0.0529496
-2.31774
-2.15471
-1.65619
-1.07985
-1.39102
-2.16133
-1.91178
-1.37603
-2.20418
-0.933773
0.613239
-0.645009
-0.951964
0.609455
-0.945585
-0.00912503
-0.351329
-0.195013
0.152654
0.445296
-0.694296
-0.429456
0.107944
-0.291391
-0.310678
-0.88287
-0.356456
-0.178808
-1.32734
-2.15515
-1.53761
-0.838341
-1.69555
-2.06784
-1.26847
-2.71978
-2.31791
-1.53585
-0.809381
-0.639393
-0.823115
0.479476
-0.653645
-0.764977
-0.962127
0.200232
-0.88168
0.129521
0.820521
0.0128178
-0.993255
-0.458022
0.961913
0.341258
0.968291
-0.0462966
-2.10398
-1.41155
-2.5053
-1.75073
-1.19108
-1.23405
-1.47588
-1.57702
-2.64633
-2.53832
0.375805
-0.599506
0.5833
0.628864
-0.87402
-0.615864
-0.289804
-0.911771
-0.754784
-0.696951
-0.670797
0.593371
-0.679495
-0.771172
-0.871303
0.0804773
-0.223121
-0.240242
-2.22792
-1.0677
-0.960121
-1.07411
-1.16414
-1.8949
-2.42889
-2.4168
-1.6152
-1.9725
-0.199042
0.714805
0.836116
0.574847
0.0354625
-0.382458
-0.368938
-0.476119
-0.614338
0.439222
-0.269265
-0.974242
0.668569
0.208441
0.986236
0.962706
0.9035
0.014069
-1.51319
-2.6219
-1.51826
-1.55299
-2.71651
-1.68956
-1.17874
-1.05572
-1.54151
-1.16602
0.380047
-0.355022
-0.0575884
0.938841
-0.754051
-0.819666
0.891812
0.210395
0.0873745
-0.961303
-0.70806
0.820551
-0.469802
-0.0645772
0.357158
0.0282601
-0.646992
-0.567125
-2.05219
-0.753597
-1.11747
-1.29725
-1.63522
-2.14631
-2.59432
-1.55208
-1.44084
-0.312849
-0.167882
0.472549
-0.21778
-0.0361339
-0.141484
-0.393841
0.204749
0.567064
0.269417
-0.333384
0.518387
-0.999145
0.658498
-0.478561
-0.883908
-0.210944
0.379864
0.946989
-1.90259
-0.318159
-1.69534
-0.712886
-0.683344
-2.07856
-1.64126
-1.37749
-1.03324
-1.11222
-0.518265
-0.62978
-0.0263985
0.0910062
0.738823
0.685385
0.929044
-0.723777
-0.03296
-0.868709
-0.666616
0.543565
-0.559648
0.586138
0.686483
0.677389
0.375744
0.576861
-1.64599
-0.270127
-1.75037
-1.00785
-0.225265
-1.02268
-1.27178
-1.36254
-1.1212
-1.52961
0.277139
-0.651387
0.804285
-0.0762658
0.0749535
-0.415815
-0.207068
0.798242
-0.961028
-0.525407
-0.175451
-0.243751
0.556444
-0.297128
0.101413
0.792138
0.939116
-0.407971
-0.828724
-1.21408
-2.06167
-2.09433
-1.31705
-0.870413
-2.3172
-2.49882
-0.967034
-1.48925
0.98941
0.901791
0.979217
0.178228
0.850459
0.100253
-0.573534
0.688131
-0.905759
-0.934263
-0.369945
-0.861049
0.023957
0.697653
-0.302774
-0.70745
-0.713889
0.696738
-1.0749
-1.00568
-1.51998
-1.87119
-1.77237
-1.88996
-1.48571
-1.15538
-0.978614
-1.03355
0.332255
-0.187292
-0.20716
-0.886593
-0.745781
0.324778
0.451308
-0.535813
-0.172155
0.0508133
0.748558
-0.967833
0.8876
0.0776696
0.548235
0.578204
0.617084
-0.407239
-1.83676
-2.40624
-1.67285
-2.26512
-1.70273
-1.98081
-2.40374
-1.10093
-1.033
-1.23672
-0.174017
0.283761
-0.118351
0.709189
0.855281
-0.648732
-0.272774
-0.818323
-0.326548
0.432844
0.479354
-0.412549
-0.806818
-0.583178
-0.0500809
0.401654
-0.397412
0.238655
-0.599428
0.424315
0.605565
0.0349601
-0.407253
0.0869636
-0.762702
0.655462
0.00120662
-0.989649
-0.257698
0.0885952
-0.688345
0.511948
-0.745476
-0.131993
0.225776
-0.0619831
0.630177
0.142582
0.521073
0.409558
0.983673
0.493545
0.471541
-0.482284
-0.818812
0.277322
-1.19934
-2.87417
-2.21036
-2.20795
-1.31434
-2.56926
-1.24643
-1.13943
-2.8254
-1.41549
-0.509415
-0.398328
0.234107
-0.483657
-0.138768
0.487472
0.624714
0.182623
-0.0978118
-0.274117
0.369121
-0.253792
0.596393
0.123966
0.0477004
0.521683
0.469039
-0.274392
-2.12563
-2.70832
-1.01692
-2.00294
-2.205
-1.61243
-1.79834
-1.10594
-1.78193
-1.8057
-0.972167
0.310801
0.0351573
0.725822
-0.222144
-0.858394
-0.906674
-0.449995
0.181402
-0.105808
0.426832
-0.660787
-0.858058
-0.352763
-0.331614
0.333384
-0.193365
-0.54796
-2.10969
-1.14531
-1.62665
-1.61825
-2.1425
-1.26537
-0.928626
-2.63281
-2.08201
0.609436
-0.767791
-0.162497
0.233703
-1.25455
-0.899335
-0.286696
-0.721795
-0.357542
-0.438454
-1.82007
-0.379545
0.142403
-1.03009
-1.23811
0.133444
-0.199795
-0.553652
0.139472
-0.762462
0.532537
-0.115829
-1.23335
0.465752
-0.671811
-0.58726
-0.962983
0.242008
-0.367443
-0.70838
-0.984193
-0.956078
0.520549
-1.23079
-0.814786
0.351979
-0.0412644
0.0816276
-0.0949494
0.211357
-0.937098
-0.475076
-0.850262
0.237758
0.346526
0.0344635
0.523638
-0.460354
-0.953411
-1.1175
-0.0451469
-0.73081
-1.24365
-0.895231
-0.560475
-1.1213
-0.312595
-1.59724
-0.244827
0.770439
-1.37762
-0.0501892
-1.15395
0.181451
-1.33475
-0.609495
-0.18715
0.48364
-0.03465
-1.27789
-0.739454
-1.31164
0.285706
-1.27823
-0.593713
0.0370205
-0.0740777
-1.39275
-0.631537
-0.147291
0.38577
0.0347476
0.102409
0.454478
-0.759894
0.728243
0.425485
0.43585
-1.11051
0.140467
-0.433763
-0.168213
-1.06681
0.781364
-0.555242
0.93061
-0.671974
-0.638574
-0.670247
-0.423483
-0.0670262
-0.528497
0.327495
-0.583576
-0.682928
-0.0491884
0.882652
-1.07735
-0.269376
0.611257
-0.93104
-0.23619
0.854804
-0.60852
-0.343479
0.439453
-0.0675532
-0.020063
-0.160814
-0.0821779
0.137004
-1.12716
-1.08964
-0.688552
0.712828
-0.477973
-0.307702
-0.339899
0.69796
-0.283219
-1.53485
-0.922559
0.678957
-0.174609
-0.30849
0.696563
-0.962131
-0.35746
-0.402835
-0.990925
-1.51633
0.380354
-0.607518
0.331026
0.892901
-0.843682
0.330296
-1.58855
-0.786447
0.0695797
0.739624
0.474135
-0.29763
0.9189
-0.0324115
-0.830381
0.949272
-1.32245
0.298026
0.45851
-1.36984
-0.691135
0.30905
0.924828
-1.11116
-0.269775
-0.0708307
0.198348
-2.05687
-0.230493
-0.0476673
-1.33007
-0.0604266
0.177758
-0.424858
-1.07363
-0.553966
-0.279989
0.0431409
-0.583644
-0.55813
-0.977429
0.56131
0.271042
-0.679507
-0.215595
-0.692359
-0.425098
0.473448
-0.79232
-0.595749
-1.35076
0.538333
-0.838882
0.417385
0.449528
-1.32054
-1.37802
0.350839
-0.837525
-0.0233499
-0.298336
-0.920107
-1.148
-1.22794
0.0295686
-0.616892
0.429002
0.0997109
-0.166137
-0.187753
0.188568
-0.177642
0.454131
-0.512452
-1.3971
-0.823754
0.0669451
-0.268641
-0.948056
0.074155
-1.01552
-0.293681
-0.441056
-0.327276
-1.42183
-1.03346
-1.10372
-1.0414
-1.76417
-1.25824
-1.2319
-1.30672
-0.0928696
-0.341611
0.36686
-0.517646
-0.592902
-0.882474
-0.332703
-1.43624
0.374789
-0.127937
0.105106
-1.14709
0.0646734
-0.090791
-0.989893
-0.92858
0.299268
-1.83231
0.376412
-1.02589
-0.0916975
-0.0779097
-0.00954884
0.198545
-0.529348
-1.66442
-0.849493
-0.93502
0.120547
-1.36832
0.049598
-0.620474
0.00627716
-0.71447
-1.39134
-0.192228
0.347052
0.107402
-0.177005
-0.0879921
-0.440704
0.282905
0.169946
0.180152
-1.42119
-0.744935
-0.278868
-0.106468
0.320088
-0.406442
-0.736116
-0.509268
-1.57562
0.618665
-0.054856
-0.206874
-0.821284
0.540072
-0.83511
-0.738386
-0.739072
0.208433
-0.625789
0.205402
0.0823376
-0.480841
0.561512
-0.162608
-0.527126
-0.890097
-0.453036
-0.722648
-0.667013
-1.09385
0.350388
-0.180992
-0.44759
-1.17096
-0.660914
-1.38983
-0.398634
-0.825619
0.274744
-0.171817
-0.059784
0.455499
-0.856285
-0.0244063
0.0431885
0.0601058
-0.720832
0.0931581
0.270462
0.20732
-1.37258
0.909974
-0.841459
-0.218528
0.1634
0.485863
0.449634
-0.395841
0.0420837
0.0133888
-1.28875
-0.415687
0.113714
-0.254324
-0.880201
-0.600365
-0.793736
0.134077
-0.563846
0.393523
0.515845
-0.00950828
0.200458
0.605155
-0.490994
-0.430323
-0.37734
-0.248868
0.163649
-0.461036
-1.3459
-1.32615
-0.349147
-0.0312788
-0.440485
0.127975
-1.25352
-1.06023
-0.929016
-0.591261
-0.835705
0.339152
-0.051599
-1.07852
-0.757311
-1.17691
-0.478135
-0.57741
0.185169
-0.877108
-0.796574
-0.19503
-0.0650318
-0.695269
-1.06468
-1.66493
0.51261
-0.479351
0.0650438
-0.0154183
-0.782515
0.496506
-1.25535
-0.197223
0.217792
-0.731936
-1.52759
-0.667778
-0.454019
-0.829179
-0.351737
-0.608344
-0.0515551
-0.0180217
-0.341332
0.61434
0.00271917
-0.898856
-0.739007
-1.32979
-0.123213
-0.250031
0.0131258
1.20101
0.412383
-0.697594
-0.277313
-0.402763
-0.338881
-0.232971
-1.21815
-0.706316
0.397815
-1.34331
-0.626037
1.16124
0.650409
-1.1869
-0.898625
0.283357
-0.624138
0.214544
-0.986846
-0.943267
-0.398045
0.267196
-0.626162
0.390701
-0.450265
-0.214003
-1.13578
-1.02288
-0.646524
0.203052
0.0689741
0.156579
0.294526
-0.921791
-1.29314
0.22186
0.00219368
-0.0818631
-0.773955
0.300565
-0.994246
0.354946
-0.66897
-0.563766
0.108385
0.241458
-0.58743
-1.05506
-0.0920546
-0.341188
-0.128578
-0.623705
0.19907
-1.08095
-0.734745
0.646109
0.222746
-0.728944
-0.57771
0.336425
-0.679686
0.768308
-0.761038
-0.281243
0.344083
-0.467745
0.550229
0.21537
-0.00113038
-0.677875
-0.299432
-0.391732
-0.769537
0.270315
-0.615026
-0.516525
-0.963274
-0.331839
0.28052
-0.4231
0.468212
-0.797494
0.0607856
0.121704
-0.202501
-1.32138
-0.377122
-0.126526
-0.195587
-0.100372
-0.227382
-0.832137
0.456088
0.218554
0.286972
-0.365809
-0.422403
0.0415465
0.375575
-0.562294
-1.11263
-0.392353
-0.654977
-0.0898629
0.649333
-0.341832
0.26429
-1.121
0.428968
-1.00705
-1.29815
-0.898247
-0.45891
0.576893
-0.761949
0.154604
0.191902
-0.0939138
-0.389146
-0.452208
0.258637
-0.579154
-0.38015
0.104171
-1.11594
-0.371238
0.127685
-0.287647
1.19637
-0.237057
-1.31774
-0.621359
0.170098
-1.26073
0.120018
-0.29795
0.332606
-0.394866
-1.03791
0.557962
-0.419065
1.2972
-0.941208
-1.14376
0.0541554
0.0309783
-0.037519
-0.313966
-0.276201
-0.622237
0.169834
-1.26563
-0.274492
0.384133
-0.0367952
-0.190578
0.221382
-1.12305
0.259273
0.350576
-1.27003
0.222689
-0.251453
-0.692448
0.748875
-1.03749
0.459333
0.930068
-0.692129
-1.4335
-0.376005
-0.181062
0.24736
0.291693
0.537869
-0.423139
-0.92933
-0.547255
-0.631287
-0.276382
-0.493315
-1.26135
-0.425217
0.535235
0.0787482
0.850733
-0.548466
-0.902422
-1.64538
-0.183967
-1.12231
-0.911707
-1.35051
-1.03438
-1.36917
-0.75595
-0.0714971
0.00846796
-1.06529
-0.197347
-1.23187
0.853545
-0.0624109
-1.38814
0.0959605
0.18609
-0.933556
-0.156953
-1.19176
-0.307541
-0.249968
-1.0298
-1.49916
-0.0480837
0.0235611
-0.219564
-0.319657
-0.964486
0.778108
-0.497046
-1.64808
-0.470499
0.512678
-0.986536
-0.0780071
0.283727
-0.604544
0.394877
-1.41975
-0.886841
0.714194
0.341639
0.571031
-0.223598
-0.683591
0.606301
-0.882078
-0.446785
-0.0286683
-0.844005
-1.1724
-1.34633
0.624134
-0.53879
0.282064
0.383288
-0.584858
-0.653981
0.699101
0.226233
0.5876
-0.779853
-1.16749
-0.189084
0.460072
-0.967016
0.0492303
0.0353318
-0.614499
-0.704294
-0.158564
0.373753
-0.731915
-0.219242
-0.847394
-1.34378
-1.16838
-0.311544
0.672894
-0.547109
-0.701303
-0.205684
-0.503198
0.314286
0.12485
-0.478238
-1.55026
-0.973077
0.439636
-0.839628
-1.6049
-1.36239
-0.316374
0.771694
-0.751715
-1.33381
-1.19312
-0.611269
-1.05215
0.74682
-1.21336
0.601164
-0.927639
-1.19066
-1.48754
-1.01921
0.386964
-0.387937
-0.482682
-1.71446
0.24833
0.0200774
-0.876685
-1.16334
-0.418795
-0.880579
0.614018
-0.291638
0.0174284
-0.304323
0.0330119
-0.859436
-1.0171
-0.739304
-0.952332
-0.294216
-0.176109
-1.22688
-0.951863
0.49302
-0.911127
-0.0322227
-1.13542
-1.08382
-0.998871
-0.713847
-0.517132
0.265074
-0.180274
0.451462
0.646561
-0.846292
0.499097
-0.50755
-1.11192
-0.0460462
0.407512
-1.65768
-0.402062
-1.30875
0.140609
0.661768
0.364821
-0.969268
-0.102602
0.341243
-0.344589
0.275517
-0.025293
-0.421378
-0.935465
-0.730655
0.0606144
-1.04742
0.0632332
0.828472
0.711849
0.876257
-0.890499
-0.00983242
-0.0692052
-0.067982
-0.257119
-0.926081
-0.158492
-0.0572667
-1.40894
-0.898377
-0.46807
0.777831
-0.652928
0.641588
0.480456
-0.36375
0.041917
-1.38572
0.667012
-0.364029
-0.547222
-0.312374
-0.419706
0.36027
0.761362
0.291533
-1.40901
0.490576
-1.00501
-0.306707
0.249297
0.015355
0.751838
-0.378284
0.196131
-0.0738139
-0.519959
-0.713217
0.26576
0.5401
0.708699
-0.528144
0.0937401
0.674808
0.554107
-0.214336
0.527849
-0.440109
-0.172928
0.605255
0.102771
-0.536439
-0.579088
-0.106327
0.387055
-0.138602
0.56433
-1.20877
0.124032
-0.250457
0.326356
-0.796272
-0.66751
-0.572412
0.0225314
-0.576245
0.457839
-0.832012
-1.43485
0.473624
0.166096
-0.0698023
-1.00901
-0.82672
-0.711654
-0.932466
0.182108
0.0954856
0.448804
-1.08927
0.61757
-1.10755
-1.02683
-1.29666
-0.321327
0.363659
0.372366
-1.3125
-1.26673
0.326076
-1.23882
-0.0724449
-0.409683
-0.521151
-0.887305
-0.577494
-1.21151
-0.677764
-0.181396
-0.131183
-0.113985
-1.13611
-1.04243
-0.383486
-0.354973
-0.238758
-0.839554
-0.866303
-1.01018
-0.454603
-1.23564
-1.61638
-0.990232
-0.165026
-0.583203
0.467915
-0.102244
-0.35084
0.401321
-0.262045
0.613783
0.326456
-0.56666
-0.75815
-0.758171
-0.762899
-0.282867
0.366871
0.418681
-1.75018
-0.308469
-0.443695
0.00212473
-0.768933
-1.14308
-0.121215
-1.10693
-2.04327
-1.11423
0.347846
-1.03027
-0.444656
0.299002
-1.49089
0.165032
-1.66814
-0.197595
-0.667686
-0.0966815
0.135946
-1.26925
-0.0272703
-1.11482
0.402824
-0.972321
-1.06946
-0.320475
0.640355
-0.815565
-1.18703
-0.192253
0.489964
0.554486
0.393636
0.186887
-0.3086
-0.973848
-0.691458
0.321383
-0.256893
-0.372123
0.278357
-1.40241
-1.19782
-1.11607
-0.97156
-0.321892
-0.693645
-1.17603
-0.963048
-0.368088
-1.01266
0.243114
0.395747
-0.632172
0.277543
-1.2864
-1.27521
-0.41354
-0.453897
-0.146877
0.385271
-0.625821
-1.08528
-0.0213023
0.14295
0.0385956
-0.329055
-0.928387
0.302665
0.0367132
-0.915714
-1.13607
0.576891
-0.596956
-0.372347
0.495124
-0.709236
-0.847851
-0.603919
-0.971762
-0.235814
-0.0877079
-0.44745
0.288788
-0.314204
-0.36337
-0.986971
0.0160467
-1.99794
-0.519901
-0.366309
0.483048
0.510012
-1.14479
-0.261028
-1.32299
-0.453886
0.676939
-1.0989
0.0657956
-0.900918
0.267289
-0.965833
0.237473
-0.487427
0.125152
0.636097
0.588041
0.13445
-0.669173
-0.865421
-0.0940302
-1.21408
-0.393531
0.687513
-0.91205
-0.0037941
-0.617298
0.0170049
-1.40453
-0.126079
0.037826
0.170993
-1.67344
0.618035
-0.688486
-1.07459
-1.19972
0.30492
-1.22642
-0.584486
-1.07106
-0.0176677
-0.321696
-1.23422
-1.04325
-0.604681
-0.0189582
-0.0925664
0.0569012
-0.538061
-0.0024138
0.178212
-0.0783926
-0.572928
-0.891224
-0.010281
-0.0576235
0.27722
-0.924239
-0.731598
0.592234
-0.971468
-0.588366
-0.517046
-0.842676
0.487009
0.460377
-0.339062
-0.991227
-0.302942
-0.194249
-1.25195
0.10852
0.194052
0.467387
-0.0809901
0.186941
0.422152
-0.620759
-1.05589
-0.0117388
0.00682762
0.0799349
0.598159
-0.211669
-1.03987
0.784584
-0.229181
-1.13934
-0.827907
0.222699
0.704434
-0.936642
0.23865
0.646026
-0.956031
0.390607
0.167946
0.22102
-0.533951
-1.40827
-0.0489011
-1.08162
0.528458
-0.787162
0.44108
-0.541738
-0.378461
-0.733029
-0.606634
-0.5089
-0.194253
0.428936
0.697818
-0.808088
-0.619147
-0.421929
-0.520344
0.291243
-0.8921
-0.0250967
-0.0369533
-1.63191
-1.61706
0.150176
-1.07485
-1.39146
-0.154778
0.572383
-0.435853
-0.505395
-0.259594
0.158048
-1.38263
0.463482
-0.106849
-0.664543
-0.0779783
0.0500218
0.602
-0.371029
-1.26283
0.36689
0.348142
-0.45895
-0.987412
0.124867
-0.0400988
-0.128062
-1.09137
-0.835561
-0.406981
0.591226
-1.19406
0.596696
-0.587378
0.469801
0.411339
-1.01619
1.92647
-0.401854
-0.340335
-0.66427
-0.355727
-0.680155
0.198845
-0.253119
0.835124
-1.12378
1.44685
-0.828044
-0.650255
0.428538
0.45121
0.890354
-1.11555
1.17576
0.202428
-0.818387
-0.143321
-0.748234
-0.591971
0.0881657
-0.787669
0.90388
-0.570952
-1.28645
-0.435008
0.715244
0.709456
-0.707228
-0.555951
0.189567
0.194354
0.346992
-1.13391
0.879663
1.07283
0.621202
-0.806082
-0.420994
-0.276551
-0.568127
0.551572
0.0367783
0.146165
0.556123
-0.634104
-0.132297
0.00441377
-0.597358
0.911679
0.963081
0.314871
0.100214
-0.248085
2.00753
-0.312284
-0.660183
-1.18667
0.569895
-0.286862
-1.09288
1.07289
-0.23545
-0.0644444
0.086392
-0.0035358
-0.49126
-0.520607
0.929038
1.14085
-0.183118
0.610343
-0.777447
0.115401
-0.772263
-0.031197
0.659311
-1.01627
0.372924
-0.0109928
0.682307
-1.31874
-0.990256
-0.0555646
-0.494123
0.217563
-0.3128
-1.57589
0.203444
-0.662655
-0.699696
-1.08931
-0.495659
-0.680189
-0.734931
-0.547198
-0.705589
-1.04606
0.0386581
-0.646636
-0.82033
0.439787
-0.839736
-1.1648
-0.0464701
-0.499167
-0.790857
-0.765917
-0.805215
-0.205059
-0.352205
0.629862
-0.68464
-0.220356
-1.23391
-0.279851
-1.36551
-1.13235
-1.27147
-1.01026
-1.25128
-0.886521
-0.95188
-0.561702
-0.375845
-1.70821
0.549197
-0.761358
-0.405655
-1.26407
-0.125814
-1.48057
-0.263929
-0.178326
-0.730156
0.194394
-0.945393
-2.00963
-0.296853
-1.18382
-1.16898
-0.767168
-0.285289
-0.564059
-1.20584
0.118489
-0.380071
-0.306171
-0.895113
-0.232354
0.069642
-0.802743
-0.908509
0.228713
-0.305243
-0.907635
-0.737995
-0.369841
0.0561138
-0.88253
-0.137443
-0.121628
0.660198
-1.31669
0.287249
-1.23467
-1.09447
0.468394
-0.356354
-2.10505
-1.08078
-2.19745
0.69205
-0.662736
0.0571522
0.00650399
-1.26052
-0.40134
-0.912364
0.129159
0.107333
0.271289
-0.845992
0.465744
-1.26645
-0.904334
0.256885
-1.17795
0.490867
-0.427557
-1.21056
-0.595804
-0.522768
-0.0443973
-1.1785
0.0912347
-1.22305
-1.21648
-1.53339
-0.284955
-0.172512
-1.11366
-1.28707
-1.02655
0.00931597
-0.836856
0.20602
-0.870025
0.0207728
-0.0202959
-1.3465
0.650399
-1.24456
-1.19951
-0.361177
-0.887834
0.223027
0.619693
-0.563387
-0.404757
-0.415992
-1.32413
-1.41016
0.189314
-0.39669
0.0293089
-0.296522
-0.377242
-0.342555
-0.0558682
-0.184828
0.444905
-0.481336
0.183508
0.196549
-0.901059
-1.24917
-0.195785
-0.907972
-0.272171
-1.0334
-0.830807
-0.132632
0.264375
-0.516002
-1.33703
-0.859344
-0.162238
-0.939245
-0.0840601
-0.921898
0.547059
-0.348974
0.0660488
-0.0413875
-1.02315
-1.21947
0.0940563
0.0123976
0.368387
-0.662238
-1.30415
0.0970327
0.12368
-0.0493688
-0.920134
-0.237442
-0.0801882
-0.776958
-0.0667299
0.217927
-0.806249
0.190592
0.264256
-0.583198
0.232014
0.26168
0.176306
-0.524002
0.0247884
-1.31397
0.684554
-0.500867
-0.28176
-0.830113
0.35012
-0.420649
0.381944
-0.0433012
-0.447145
-0.167012
-1.31819
0.338643
-0.734183
0.125796
-0.983305
-0.810505
0.631132
0.950003
-0.694325
-0.824567
0.729817
-0.835649
-0.20455
0.0627503
0.0953888
0.377553
-0.0106473
-0.469133
0.186537
-0.250695
-0.644809
0.314488
0.114258
-0.781278
-1.26781
-0.51716
-0.86127
0.618584
-1.04106
0.503191
0.299373
0.220703
-0.23688
-0.992088
0.0999927
0.445959
0.173328
-0.904771
-0.861226
-1.68318
0.488337
-1.1529
-0.577202
0.644445
-0.137506
0.270398
-0.488277
-0.650683
-0.764414
-1.15481
-0.392948
-0.805995
-1.19167
-0.306908
-0.569138
-0.818072
-0.116271
-1.0664
-0.531519
-0.209336
-1.7393
-0.156885
-0.504045
-0.673715
-1.10811
-1.21741
0.420095
-1.01346
-1.03442
-1.54467
-0.489649
-0.770577
-1.71163
-0.960604
0.107883
0.36344
-0.71676
-0.100405
0.723158
-1.86434
-0.597877
-1.93857
0.584406
-0.641109
0.19123
0.475693
-0.955527
-0.14265
-0.252218
-0.263874
-0.345866
-1.1539
-0.412063
0.019446
0.223292
-0.550297
-0.642006
-0.0940862
-0.325726
-0.204867
-0.105086
-0.810023
-1.0027
0.427218
-1.14579
0.0336077
-0.953262
-0.236695
0.0718761
-0.0108713
-1.31886
-1.02167
-0.486373
-0.0633412
-1.27629
-1.19121
-0.174724
-0.760725
-2.09747
-0.875634
-1.03372
-0.646325
0.437554
-1.21762
-0.378881
0.566483
-0.165368
-0.146019
-1.20418
-0.944406
-0.18382
-0.516318
-0.157159
0.506183
-1.13346
-0.795944
-1.0027
-0.508347
-0.322229
-0.04267
-0.795724
-0.377292
-1.23186
-0.53126
-1.17399
-1.20024
0.445804
-0.0334519
-1.24096
-0.805621
0.382718
-0.223003
-0.140235
-0.586789
-0.237558
0.283117
-1.14046
-0.736639
-0.538413
-0.0120512
0.350842
0.16266
-1.31382
-0.233422
0.563312
-1.28099
-0.969045
-1.12773
-1.2863
0.111586
-0.926215
-0.247413
0.118007
-1.21078
-0.106578
-0.0546913
0.590087
-0.718251
-0.163072
-1.16473
0.588052
-0.234089
-1.1711
0.621947
-0.495016
-0.747323
-0.377231
-0.371342
-1.11431
-0.550922
-0.24346
0.183507
-1.26677
-0.474526
0.130518
0.0594112
0.894292
-0.959206
0.100219
-0.0894997
-1.31868
-0.0788585
-0.193452
-1.44137
0.354695
0.535435
-1.67676
-0.156024
0.162341
-0.106046
0.203033
-0.429861
-1.07772
-1.77483
-0.996868
-0.0837785
-1.06198
-0.892175
-1.18546
-0.545243
0.141383
-0.819689
0.470241
-1.12718
0.424083
-1.17724
-0.92534
-0.0694032
0.345923
-1.04353
-1.15187
-0.156205
-0.232359
0.317289
0.251757
-0.391287
-0.434559
0.247498
-1.03695
-1.23428
0.572248
0.0817423
0.633358
-1.4262
-0.771403
0.13242
-0.583293
0.300311
-1.42528
-0.817023
0.118482
0.562289
-1.22045
0.19634
-0.178179
-0.386551
-0.810012
-1.18221
0.0847736
-0.058212
-0.788324
0.153591
0.0202138
-0.147186
-0.450785
-0.307682
-0.144573
-0.627075
0.0807618
-1.27527
-0.936877
-0.376604
-1.01091
0.381553
-1.14394
-1.26148
-0.104537
0.611219
-0.619449
-0.0349587
0.242328
-0.821661
-1.02964
-0.47448
-0.0380963
-0.356265
-0.527514
-1.31455
0.0809705
-1.11533
-0.163673
0.0707826
-1.04025
0.505945
-0.733217
0.229767
-0.048149
-0.0797939
0.0126049
0.142208
0.0864631
-0.78389
0.332473
0.336129
0.261042
0.446143
-0.371438
0.416065
-0.119304
0.384525
0.481056
0.0545851
-0.796134
-0.54794
0.157205
-1.25521
0.698647
-0.190224
-0.099054
-1.15766
0.16195
-1.36112
0.250274
-1.46801
-0.68039
0.817996
-0.360084
-0.76272
-0.988282
0.118172
0.515501
-0.221559
-0.847182
-0.955836
-1.17084
-0.613433
-0.466044
0.158628
-0.547743
0.438636
-0.0640105
-0.46812
-1.33075
-1.52998
-0.480262
-0.0243912
-0.589111
-0.688978
0.00486147
-0.292774
-0.182317
-1.11657
0.00543546
-0.451853
0.343452
-0.500942
0.287716
0.329412
-0.962097
0.285302
0.848511
-0.43563
1.69926
0.150699
1.54369
-0.713168
-0.931949
-0.86002
0.059015
0.347007
1.18331
-0.574452
1.12561
-0.0306508
1.00534
0.0415921
0.521422
0.229451
-0.414295
0.745157
2.14081
-0.206979
-1.05925
-0.327425
-0.335878
1.37205
0.966952
1.69722
1.22093
0.711868
-0.692602
0.0459639
-0.480433
0.337952
-0.0205144
-0.0807578
-0.328646
1.29338
0.593498
0.686809
0.429127
0.203403
-0.933175
-0.926028
0.912313
-0.785029
-0.886187
1.15145
0.750363
0.737297
-0.399837
1.088
1.34352
-0.360243
-0.754761
-0.21211
-0.695597
0.567603
1.00022
2.17313
0.892175
-1.28028
-0.82082
-0.312065
-1.23682
-0.232461
1.72178
-0.434412
-0.237677
-0.0321764
-0.691081
0.731707
0.539104
1.02794
-0.484705
0.205183
-0.110929
0.444768
1.68922
-0.593221
-0.218795
-0.835207
-0.755686
-0.497298
-1.16226
0.295048
-2.11012
-0.058919
0.423612
-0.218977
-0.0371831
-0.389168
-1.41407
0.467121
-0.155195
-0.213452
-0.38227
-0.804831
0.575942
-0.660878
0.184199
-0.969483
0.300774
-0.695763
-1.24628
-1.23433
-0.839463
-0.44528
0.187711
-0.542106
-0.278402
0.0102277
-0.231894
-1.31439
0.47264
0.00333273
-0.645986
-0.64706
-0.978169
0.0747873
-1.24457
-1.62041
-1.1172
-0.868727
0.476628
-1.1692
-0.718798
0.580673
0.610753
-1.37783
-0.073996
-0.239489
-0.269123
-0.899039
-0.806505
-1.1044
-0.484434
-0.799807
-0.803796
0.215982
-0.379111
0.193519
0.0364109
-0.363394
0.400115
-1.04207
-0.427996
-1.3921
-0.290687
0.392706
0.121921
-0.60658
-0.989571
-0.496705
0.535721
-0.493005
0.353377
-0.591871
0.360961
0.613618
-1.36069
-0.984137
0.0989082
-0.628393
0.742076
0.505928
-0.93284
-0.638588
0.26219
-0.729023
-0.0807179
0.142993
-0.756022
-0.264034
-0.601376
-1.17122
0.342667
-1.24084
-0.0563387
0.340253
-0.234927
-0.490226
-0.718711
-1.21536
-0.232868
-0.50519
0.273465
0.261281
-1.35896
-0.706675
-0.484869
0.103246
0.318987
-1.22148
-0.0453839
-1.51566
-0.861596
-0.222283
-0.43446
-0.16404
0.110379
-0.199997
0.0454501
-0.53462
-1.17747
-1.04624
-0.839282
-0.952925
-0.397223
-0.63798
-0.837104
-0.0546336
-1.05329
-0.467917
0.150147
0.0617984
-0.148373
0.588173
-1.55002
0.666997
0.427498
-0.954066
-1.70296
-0.570892
-1.06829
-0.698666
-0.948992
0.338022
-0.482694
-0.847136
-0.8028
-0.192871
-0.885902
0.289258
-0.999164
-0.84794
-0.683327
-0.0976923
-0.325912
-0.397391
0.280199
0.12364
-1.4516
0.169917
-0.974305
0.435405
-1.1596
0.363592
-0.00704183
-1.36929
-1.01973
-0.539047
0.0594314
-0.79447
-0.732921
0.024641
-1.38968
-0.193566
-2.08368
0.22451
-0.487758
0.326549
-0.0333288
0.306348
-0.0298042
-0.922405
-0.581173
-0.562254
-0.147766
-0.248311
-1.1399
-1.03619
-1.29798
0.112626
0.00018634
-0.42219
-1.11909
0.0338751
-1.08991
0.19159
0.409352
0.0381447
-0.362476
0.462743
-1.32718
-1.76045
-0.859166
-0.982765
-0.755958
-1.33337
0.335079
0.189894
-1.24926
-1.32438
-0.858064
-0.064403
-0.493388
-0.32875
-0.197232
-0.701339
-1.14125
-0.310173
-0.339242
-0.292277
0.259143
-0.191703
-0.627972
-0.4542
-1.21824
-1.06975
0.0133463
-0.191287
-0.932309
-1.05144
-0.713756
-0.753851
-1.35077
0.241199
-1.20411
0.0767765
-1.43418
0.311422
-0.716867
-1.46592
-1.6295
-0.47261
-1.23598
-0.00241448
0.505731
-0.546096
0.0325465
-0.39476
-1.56577
-0.240393
-0.994473
-0.506651
-1.12636
-0.996741
-1.46915
0.0224165
-0.335242
0.423408
0.20744
-0.988887
-0.176435
-0.147894
-0.450154
-0.495635
-1.47416
-0.971622
-0.0423179
0.183451
-1.05548
0.466128
-1.21111
-1.13027
-0.889786
-0.603542
0.736151
-0.839227
-1.08753
-1.04441
-0.0409002
0.203282
-0.6338
-0.176531
-0.516135
-1.03354
-0.257622
-0.680446
-1.12309
-0.912908
-1.12429
-0.41853
-0.489661
-0.50413
-0.909815
0.458094
0.322613
-0.717239
0.19324
0.645673
-0.892728
0.157847
0.551542
-0.9048
-0.223693
0.028832
-1.36268
0.534239
0.744135
0.597651
0.360462
-1.19065
-0.0736657
0.175637
0.0552553
-0.0169194
-1.15953
-1.14382
-0.341063
0.614554
0.54645
-0.340994
0.159448
-0.579273
-1.35937
-0.998308
0.0835728
0.560214
0.713926
-1.05571
0.739296
-0.679281
-0.636884
0.339928
-0.893146
-1.04791
0.300006
-1.11213
-1.10389
-0.54142
-0.91879
-0.784203
-0.237625
-0.821791
0.600542
0.0844873
0.584239
-0.653395
-0.743432
-0.514845
-1.2387
-0.84124
-0.977132
-0.769602
-0.634219
0.687213
0.29645
-0.216145
0.364862
0.411232
-0.852414
-0.602177
-0.624038
-1.16146
-1.33514
0.692733
0.061415
0.133223
0.223191
-0.37655
-0.550028
-0.77664
-0.788887
-0.0566361
-0.373122
-0.160999
-1.35251
-0.594589
-0.303556
-0.761999
0.271686
0.101261
-1.12094
-0.796248
-0.0359378
-1.04319
-0.546437
0.744664
-1.09498
-0.311015
-0.240253
-0.390246
-1.39954
-0.119782
0.10876
-0.9822
-0.874231
-0.723418
-0.71485
0.506885
-0.750139
-0.0219495
0.610899
-0.717752
0.162813
0.208783
0.145714
0.596382
-0.188216
-0.128974
0.57293
-0.564321
-0.54778
-0.797768
-0.70782
0.211246
0.44396
-0.42554
0.464813
-0.265579
-1.36461
-0.989971
1.15274
-0.559298
-0.773572
0.00330399
-0.227121
-0.387031
-1.23684
-0.642945
-0.385797
-0.417102
-0.307481
0.363829
-0.878962
-0.580475
-0.142635
0.110235
-1.04577
-0.259836
-0.388857
0.57747
-0.225612
0.305453
0.511465
-0.458717
0.306645
0.105483
0.576346
-1.00327
0.535547
-1.01691
-0.182786
-0.575739
0.674325
0.30685
-0.159202
0.0193515
-0.343501
0.419404
-0.602154
-0.78565
-0.499915
-0.0952546
0.465896
-0.0318424
-0.149866
-0.111912
-1.06709
0.308773
0.76543
-1.17878
-0.947849
-0.302368
-0.307596
-0.0617481
-0.140872
-1.13455
-0.311347
0.45601
-0.148962
-0.903383
-0.29512
-0.544497
-0.15138
0.645662
-0.768171
-1.17002
0.341439
-0.645457
-1.25702
-0.27553
-0.924727
0.455209
-0.74286
-0.66054
-1.04588
-0.596824
-1.07734
-0.829216
0.209481
0.637233
-0.0817037
-0.399845
-0.124962
-0.89946
0.595745
-0.21141
0.439254
0.0137277
-1.19241
-0.984381
0.242177
-0.546186
-1.1117
0.179011
-0.132669
-0.512984
-0.378762
-0.447287
-0.923016
-0.148555
-0.818368
-1.01949
0.799904
-0.108522
-0.00490997
-1.58082
-1.22305
-0.986366
-0.229625
-0.0551989
-1.27161
-0.989614
0.0137809
0.352204
0.644733
-0.907511
0.106841
-0.283497
-0.501077
-0.139596
-0.0675492
-1.78562
0.0126371
-0.188323
-0.477557
-0.94212
-0.0179397
-1.01172
-0.136137
0.690357
0.122238
-0.129773
0.509121
-1.2708
-1.1142
-1.17262
0.126201
0.550342
-0.210663
0.112145
-0.588937
-0.262273
-0.074753
-0.214427
0.585747
0.166671
-1.35835
-0.953017
-1.61247
-0.945338
0.102992
0.300078
1.0779
0.087288
-0.881443
-0.67335
-0.723893
-1.00515
-0.996495
0.19512
-0.0758178
0.318962
0.138969
0.671347
0.389015
0.417411
0.408271
-0.319181
-1.06264
0.0511783
0.454045
-0.546855
-0.993019
-0.549973
-0.122143
-0.309714
-0.810003
0.250927
-0.735696
-0.903072
-0.933697
-1.12407
0.345836
-0.618135
0.273068
0.126714
0.640074
-0.438312
-0.302395
-0.0549754
0.393973
-1.22047
-0.657128
0.516722
-0.546795
-0.532505
-0.57072
-0.137857
-0.188232
-0.846888
-0.606106
-0.781576
-0.973155
-1.65321
-1.02251
0.28885
-0.0979246
-0.883701
-0.300169
0.113827
0.28642
-0.716731
-0.666734
-1.17365
-1.10308
-0.667822
0.244668
-1.23933
0.321901
0.123136
0.131028
-0.126883
-0.283861
-0.293973
-0.327558
-1.10679
-0.750398
-1.12483
0.255268
0.278902
-1.39217
0.229049
0.255046
-1.06441
-1.27703
-0.278664
-0.38497
-0.179511
-1.5118
0.465598
-0.181733
-1.13388
-0.514663
0.558337
-1.70529
-0.621884
-2.05746
-0.891652
-0.877571
-1.23939
-0.998079
0.054677
0.558968
0.159756
-0.247941
-0.55624
-0.959133
-0.71933
-0.908773
-0.124743
-0.970217
-0.287656
-0.960243
-1.27947
-0.563641
-0.163745
0.0415375
-0.255691
-0.494434
-1.09962
-0.583892
0.144173
-0.295803
-1.15243
0.42862
-1.42875
-0.833797
-0.964182
0.126459
0.0501242
-0.743529
0.232491
-1.83893
-0.198311
0.0255899
-0.77725
-0.0260586
-0.815373
-0.0165992
0.115902
-1.34049
-1.51
-1.07919
-0.396816
-1.05891
0.0142964
-0.929185
-0.788391
-0.72512
-0.414723
-0.291873
-0.607345
-1.03143
0.592241
-0.389131
-0.441153
-1.09498
-0.273207
-0.00227081
-0.571397
0.318041
0.348328
-0.627292
-1.01414
-0.479257
0.634578
0.342888
-1.054
-0.515547
-0.425399
0.477863
0.621222
-0.606453
0.45582
-0.677364
-1.31381
-1.15977
-0.264012
-0.379449
0.587995
0.258366
-1.2576
0.474541
-0.148111
0.146236
-0.492335
-0.794332
0.489511
-0.56417
0.453653
-0.609382
-0.942279
-0.80274
-0.771877
-0.298156
-1.17168
-0.526308
-0.178744
-0.432235
0.334642
-1.09016
0.255831
-0.80737
-1.54341
-0.830956
-0.0819345
-1.32199
-0.065955
-0.296109
-1.11767
-0.0369125
-0.372311
-0.45291
-1.50503
-1.39824
-1.17718
-0.610996
-1.22061
-0.586226
-0.00246588
-1.11153
-0.576722
-0.118207
-0.0446245
-1.31891
-0.617085
-1.02012
-0.0625471
0.519583
-0.934127
-0.975297
-0.365047
0.0210839
0.0545827
0.276864
-1.31711
0.316208
0.526672
-1.09999
-0.912415
-1.12764
-0.679391
-0.352108
-0.596525
-0.821151
0.302358
-1.08259
-0.138204
0.21357
0.654803
-1.15995
0.290196
-0.727825
-0.705227
0.0623839
-0.226396
-0.576241
-0.739807
-1.16561
0.932678
0.159724
0.211874
-0.481684
-0.348035
0.255919
-1.21072
-0.923495
-0.620336
-1.49709
0.880312
0.989864
-0.653104
0.515335
-0.994025
-0.305884
-1.0462
-0.656259
-0.330931
-0.253075
-0.130748
0.616144
-0.0812011
-0.639959
-0.19916
-0.443296
-1.36631
1.00022
-0.455898
-0.805856
-0.25245
-0.631894
0.618323
-0.786778
-0.715406
0.511988
-0.805168
-1.36551
-1.42798
-0.2585
-0.81457
-1.4784
0.375733
-0.917403
-0.676212
-0.933058
-0.354891
-0.346259
0.262511
-1.23859
-0.360979
0.63704
-0.644373
0.833946
-0.849265
0.331306
0.830521
0.178732
0.664631
0.911112
0.197855
0.309428
-0.123377
-0.068463
-1.10512
-0.639477
-0.700763
-0.813959
0.690473
0.0375689
0.516717
-0.221065
-0.317149
-1.3696
-0.643843
0.740848
0.330714
-1.69963
-0.163363
0.648086
0.220027
-1.11661
0.280173
0.473917
-0.633674
-1.59177
-0.734238
-0.482048
-0.222799
-0.925561
-0.946689
0.0845519
-0.75864
0.666609
0.375575
0.441685
-1.37473
-0.0512229
-0.71003
-0.883421
-0.619283
-0.382713
-0.931329
-0.944737
0.520797
-0.660962
-1.04204
-1.18211
-1.76122
-1.07849
-0.724425
-1.25692
-0.61391
-0.14802
0.252919
-0.865014
0.655254
-0.308007
-0.30223
-0.306303
-0.944227
-0.358479
-0.37662
-0.240168
-0.965353
-1.86947
-0.27181
-0.196501
-0.0134348
0.135756
-0.44313
-1.08746
-1.2681
-0.627942
-0.489702
-1.20757
-1.92098
-1.25932
-0.705452
-0.76424
-0.399314
-0.288965
0.200658
-0.550332
-0.443548
-0.517811
-0.799567
-1.39999
0.306129
0.280734
-0.649336
0.0890333
0.782559
-0.189517
-0.935318
-0.898588
-0.535749
-1.31382
-0.143291
-0.920843
-0.646686
0.825898
-0.369451
-1.44236
0.406849
-1.47631
-0.0245749
0.126614
0.431398
0.60509
0.544995
-0.481607
0.242045
-1.23023
0.584304
-1.21925
-0.301649
0.190283
-0.624701
-0.135412
-0.414706
-1.31998
-0.719091
-0.852442
0.169437
-0.206548
-0.09429
0.156385
0.472371
0.496367
0.118645
-0.53388
-1.52583
0.522048
-0.595006
-0.196438
-1.15384
-0.582241
-0.602102
-1.16074
-0.94956
-1.38815
-0.368073
-0.960056
-0.964918
0.152214
-0.906747
-0.387269
-0.0114797
-0.610703
-0.910602
0.630883
0.216976
-0.414763
-0.0406709
-0.49687
-0.49913
-0.289413
-0.0642623
-0.669532
-0.862995
-0.0889824
-0.982292
0.0373564
0.621613
-1.01416
-0.297297
-1.00885
-0.0112549
-0.679102
0.173098
0.302166
-0.456219
0.622944
-0.477923
-0.28033
0.906232
-0.200127
-0.500406
0.0621647
0.693796
-0.775329
0.00325976
0.428263
-0.147422
-1.48882
-0.381338
-1.25805
-0.841754
0.597131
0.352325
-0.334679
-0.986117
0.810273
-0.789688
-0.347944
0.572627
0.87071
-0.117161
0.261238
-1.2142
0.905619
-0.630624
-0.997666
-0.773169
-1.04713
-1.241
0.210714
-0.86692
0.809724
-0.463054
-1.01499
0.128036
-0.696491
-1.25311
0.292156
-0.749862
-0.863981
0.186818
0.27033
-0.860728
0.136009
-0.0960598
-0.489467
0.047183
0.151162
0.109904
0.0199148
-0.0722314
-0.628822
0.559403
-0.876449
-1.39642
-0.913735
0.0148368
-1.15149
-0.870998
-0.264338
0.110317
-0.412471
-1.03794
-0.797734
-0.987451
0.277314
0.699777
-0.307302
-1.09533
0.249983
-1.10707
-1.07217
-0.888938
-0.584536
-0.347692
-1.64738
0.57492
0.824342
0.553931
0.0785092
-0.170192
-0.177782
-0.644174
-0.158154
0.325483
-0.85515
-0.810178
0.370711
-0.534422
-0.694444
0.389273
-0.0301319
0.117878
-0.139423
-0.978272
-1.04679
-0.210214
0.0251451
-0.65174
-1.4371
0.183967
-0.971382
-1.18537
-1.09168
-1.35918
-0.19696
0.106982
0.2725
-0.848346
-1.20953
0.143515
-0.645998
-1.07659
-1.18974
-0.772868
-0.203785
0.00181472
0.338398
-0.72645
-1.161
-1.07313
0.0845502
0.721392
0.0595392
-0.904474
-0.169895
-1.54317
-1.10985
-1.43236
-0.419032
-0.06794
-0.382945
0.292037
-0.0932312
-0.861572
-0.642712
-0.877714
-1.59349
-0.713512
-1.53089
0.381166
-0.67854
-0.798252
0.107963
-0.0125221
0.0783574
0.34875
-0.879708
0.0678849
-0.429248
-0.293013
-0.408762
-1.29293
-1.09534
-0.710662
-0.471807
0.291084
-1.34979
0.314242
-0.270801
0.547379
-1.10847
-0.88867
-0.80952
-0.237576
-1.74853
-1.04018
-0.0207324
-1.09658
0.586955
0.34426
-1.65405
-0.819999
-0.336985
-0.289861
0.55394
-0.975385
-1.08025
-1.07724
-1.21492
-0.058441
-1.24132
-0.272929
0.439957
-0.161062
-0.429648
-0.116436
-1.27021
-0.414648
-0.902265
0.131402
-0.947504
-0.547301
-0.397073
-0.291284
0.307426
-0.942799
0.152086
-0.035999
-1.22896
-1.58697
0.182023
-1.38387
-0.999916
-0.515774
-0.904817
0.282568
-1.21936
-0.587132
0.0342354
-0.762385
0.0569669
-0.288758
-1.05564
-0.936714
0.425143
0.470309
0.36971
-0.301145
0.0570631
-0.602518
-1.65157
-0.645308
-0.333015
-0.522792
0.145021
-0.900704
-0.391464
-1.2111
-0.0919981
-0.317333
0.433175
0.327381
0.581838
-1.29802
-0.846484
-0.215493
0.0643899
-1.04089
-1.49722
0.453763
-0.412773
0.199918
0.224063
-0.951324
0.348618
0.254262
-1.87469
-1.03746
-0.425735
-0.762506
-0.907993
-0.525279
-1.41225
-0.619934
-1.76586
-0.552422
0.322111
-0.702237
-0.896877
0.564117
0.36073
-1.09053
0.236871
-0.434716
0.455359
0.103263
-1.029
0.32949
0.021765
0.324262
-0.447798
0.110273
-0.274977
0.22513
-0.316533
-0.173001
-0.906169
-0.365968
-0.336399
0.639322
-1.23971
-1.07537
-0.807809
-0.52978
0.137695
0.480885
0.464182
-1.31928
-1.0424
-0.824224
-1.27088
-0.271929
0.0769184
-0.164516
-1.13877
0.56397
-1.20495
0.475662
-0.625239
-1.09519
-0.795475
0.520077
-0.987907
0.144802
-0.552452
0.389843
0.512105
-1.41924
-0.782351
-0.439006
-0.0669272
-0.26181
0.494729
0.426469
-0.0207618
-0.394628
-0.374224
-0.305394
-0.947948
-0.980334
-0.794236
-0.388385
-0.947541
-0.28407
1.06743
-0.0714582
-0.313262
-1.25421
-0.834996
-1.26675
0.220209
-1.16631
-0.803966
-0.275899
0.173742
-1.29264
-0.93419
-0.821728
-0.679141
-1.13994
0.368831
-1.19315
-1.03034
-1.07847
-0.570704
0.2032
0.0237936
-0.253749
0.280242
-0.43347
-0.840435
0.0142372
0.438881
0.456631
-0.112757
0.226947
-0.957312
0.19499
0.5105
-1.05584
0.129621
-1.24518
-1.26284
0.192107
-0.627046
0.199615
-0.0336869
0.483874
0.355272
-0.584265
-0.845198
-1.81045
0.229777
-1.07843
0.437274
-1.4768
-0.219164
-0.917319
-0.486414
-0.581981
-1.3707
0.0473561
-1.40995
-0.739558
-0.51706
-1.30001
-0.0587934
-0.408381
-0.307579
0.170663
0.402996
-0.674369
-0.790911
0.18059
-0.0412417
-0.637118
0.562297
-0.138037
-0.90828
-1.32353
-1.34109
0.461464
-0.864653
-1.18443
0.0464644
-0.967718
-0.177325
-0.714375
-0.169848
0.508728
-2.25753
0.571313
-1.34791
0.0410013
-0.314148
-0.136548
-1.06617
0.419554
-1.36974
0.25485
-1.19767
-0.601831
-0.594744
-1.0703
-0.811367
-0.359179
0.527733
0.209466
-0.884048
-0.585221
-0.708982
-0.0818244
0.583518
-0.412328
-1.20552
-0.424302
0.381858
-0.31426
0.413489
-1.36217
-0.82954
-1.27759
-0.691671
-1.03724
-0.144985
-1.34323
-0.869372
-1.09186
0.38832
-0.378597
0.089524
-1.13066
-0.457944
-0.691819
-0.487586
0.350852
-1.09362
-0.279827
-0.501901
-0.840504
0.102769
-0.110827
0.515809
-0.965227
-0.470024
-0.508954
-1.06572
-0.225299
-0.479261
-0.464098
0.167818
-0.945507
-0.27037
0.638049
0.0471014
-0.375507
-1.09645
0.290137
0.550773
-0.47427
0.237932
-0.209516
0.157073
-0.962748
0.0687161
-0.0973637
-1.15097
-0.229271
-0.0776897
0.282155
-1.31497
-0.919379
-1.09223
-0.73806
-0.206512
-0.885043
-0.160969
-0.316531
-0.613583
0.0123959
0.564615
-0.0338431
0.579218
-0.163359
-0.704232
0.210356
-0.37751
0.443229
-1.1378
-0.96853
-1.15004
-1.29149
-0.942993
-0.33097
-0.837905
0.0665819
-0.233033
0.124765
0.352073
-0.456074
-0.542942
-0.430881
-1.2313
-0.22189
0.00521117
0.294873
0.0155618
-1.26555
-0.397569
-0.0755465
0.135151
-0.912802
-1.24322
-0.797343
-0.544228
-0.891069
-0.365414
0.195995
0.406809
0.323666
-0.177118
-1.11205
-0.31768
-0.830035
-0.406747
-0.0964493
-1.02622
-1.34811
0.480737
-1.17556
0.345861
0.194475
-1.40036
0.456972
0.357252
-0.631642
0.128535
-0.103301
0.00277715
-1.27494
0.223642
0.165194
-0.411686
-0.928401
0.12644
-1.34372
0.221101
-0.266081
-0.040878
0.595261
-0.392184
-1.00213
0.436717
0.656006
-1.26206
-0.476479
-1.2009
0.54849
-0.036608
-0.747468
-2.16614
-1.0671
-0.6916
0.761644
-0.129491
-0.0804797
-0.237524
-0.023852
0.229972
-1.02703
-0.853872
0.330981
0.157358
-0.199972
0.624717
-0.0699527
-0.740075
-0.866765
-0.305522
0.278745
0.336493
-0.367941
0.289723
-0.349134
0.0187833
0.446651
-1.28348
0.241161
0.544505
-1.99585
-0.419276
0.508227
0.1198
-0.91618
0.0075838
-1.01002
-0.727
-1.15649
-0.430711
0.153845
0.446078
0.00977899
-0.907322
0.0940956
-0.864098
-0.692723
0.163595
-0.482083
-1.29268
-0.514773
-0.335556
0.556493
-0.173805
-1.17176
-0.0489729
-0.645738
-0.595372
-0.235335
-0.863696
-0.0287701
0.101822
0.30338
-1.21785
0.064169
-0.00342592
-0.751794
0.206774
-0.633984
-1.06346
-0.335565
-0.533575
-0.282713
-0.412742
0.472858
-0.555159
-1.0654
-0.569283
0.670798
0.218415
-0.164717
-0.212976
-1.05325
-1.95533
0.245594
0.0497834
0.0554206
0.323954
-0.676517
0.278144
-1.67445
-0.329524
0.616473
-2.02303
-1.03414
-0.4881
0.614161
0.0595646
-0.652214
-0.745278
-1.0146
-0.732399
-0.596082
0.492647
-0.799445
-0.00193884
-0.342303
0.0791647
-1.25663
-0.934969
-0.895191
0.531115
-0.140412
-0.430775
0.0238999
-0.872682
0.290804
-0.915753
-0.426111
-1.04435
-1.79225
-0.977634
-0.502924
-0.851416
-1.64423
0.20879
0.509009
-1.71201
-1.01837
-0.314006
-1.50045
-1.005
0.054299
-1.03942
0.222594
0.196433
-0.0928945
-1.08931
-1.26178
-1.15364
0.65501
0.363108
0.360556
-0.0658138
-0.366911
-0.127522
-0.515531
-0.421952
-1.45142
-1.21015
-0.810928
-0.218763
0.0398388
-0.155013
-0.906241
0.0283478
0.61607
-0.522339
-0.107528
0.264481
-0.318575
-1.48698
-0.047865
-0.290245
-0.411318
-1.34225
-0.449087
0.0361815
-0.130849
-0.600325
1.11268
-0.160691
-0.503314
0.609683
0.444913
-1.22429
-0.0353922
-0.589629
1.1976
-0.0145051
-1.75488
0.255613
-0.388807
-0.68509
0.426243
0.00586328
-0.397758
0.0885675
0.22841
0.0485023
-0.61612
-0.85139
-0.480103
-0.264295
-0.703477
-1.00668
-0.849059
-0.211711
-0.371513
0.645774
-0.567622
-0.0856943
-0.283909
-1.41811
0.110495
-0.361375
0.0884901
-1.2416
-0.124899
-0.912907
0.331179
0.664542
-0.341973
-0.511927
-0.688383
0.215321
0.600223
-0.619852
-0.715732
0.0622674
-0.117781
-0.703297
-0.287594
0.00564202
-0.688143
-0.77088
0.974001
0.257824
-0.805011
0.665713
-1.2377
-0.859114
0.85536
-0.666266
-0.773043
-0.463588
0.092782
-0.731285
-0.23835
0.526801
0.47803
-0.546539
-0.808422
-0.577668
0.277105
-0.46495
0.21096
-0.070737
0.10092
0.253388
-0.862295
-1.24353
-1.15257
-0.97301
-1.60209
0.306732
-0.752619
-1.50282
0.239325
0.740379
0.0777234
-0.0956386
0.146804
-0.874942
0.185326
-1.15238
-0.966355
0.110933
-0.926471
0.0323854
0.599806
-0.116235
-1.1108
-1.18282
-1.30522
0.774168
-1.4588
-0.861835
-0.635922
0.21044
-1.18166
-0.945268
-0.894886
-1.13353
-1.67095
-0.247553
-0.412214
0.572181
-0.121138
0.247844
0.665781
-0.185762
0.385262
-0.534212
-0.268634
0.0691933
-1.08277
-1.53443
-0.368578
-0.00283719
-0.923419
0.362726
-1.30987
-1.33219
-0.932471
-0.840077
-1.15287
-0.323402
-0.495769
-0.486213
-0.980048
-0.109467
-0.401371
-0.661067
-1.1364
-1.38825
-0.103512
0.451358
0.577994
-0.804703
0.0207034
-0.169943
-0.150775
-0.654659
-0.210465
-1.08812
-0.766862
0.699786
-0.127563
-0.786173
0.225563
-0.179306
-0.0480528
-0.352675
0.222477
-0.461176
-0.604033
-0.427998
0.0799797
-1.43613
-0.666122
0.157143
0.189571
0.199567
-0.204446
0.154052
0.106932
-0.463228
-1.2915
0.134661
-0.833672
0.518844
0.571392
0.674483
-0.950071
0.438687
-0.208605
0.190233
-0.2984
-0.655944
-1.29699
0.568345
-0.0269629
-1.22749
-0.637488
0.0151812
-1.39949
-0.973024
-0.744231
-0.527432
0.630782
-0.775809
-0.393781
0.00796702
-0.105957
-1.02904
-0.440276
0.0404879
0.0724192
-1.31636
-0.418757
0.292271
-0.648662
-0.873486
-1.41593
0.0227744
0.488525
-0.757241
0.441787
-0.169196
-0.904076
-0.934785
0.0819924
-1.1102
-0.56952
0.409574
-1.19887
-0.680063
-0.179743
-0.388781
0.723535
-1.09639
-1.2544
-1.09467
-0.202101
-2.14513
-1.2771
-1.08935
-0.434697
-0.300641
-0.888147
-0.750743
0.159987
-0.583513
0.0260233
0.0782001
-1.31825
-0.559849
-1.26365
0.300817
-0.376979
0.220268
-0.676019
-1.12012
0.605945
-0.926665
-0.27457
0.35571
-0.874536
-1.43118
-0.105787
0.0172123
-0.358618
-0.315894
-0.206274
-1.42019
-0.956511
0.327348
-1.01803
-0.53495
-1.4754
-0.643982
-0.765513
-0.513061
-0.35396
-1.13757
0.430251
0.132429
0.149474
-1.6389
-0.02809
-1.0531
-0.00965553
0.334682
-1.25921
-0.953886
-0.0642121
0.321003
-1.37474
0.273061
-1.05389
-0.590382
-0.345448
-0.92643
-1.33746
-0.779889
-0.379138
0.0128743
0.167196
-0.531874
-0.469183
-0.0547902
-0.0696558
-0.737828
0.0440681
0.0702494
0.100027
-0.462927
0.302854
-0.296317
-0.586406
-0.659182
0.452164
-0.976017
-0.431326
0.26603
-1.22606
-1.10604
-0.149749
0.518821
-0.304207
0.635738
-0.399539
-0.384473
0.372412
-0.158799
-0.225219
-0.344246
-0.605622
-0.404437
-0.966049
-0.617949
-0.468615
-0.637223
0.55427
0.785914
0.392527
-0.307047
-0.614446
-0.782216
-0.0508032
-0.190275
-1.05659
-0.0107573
-0.734437
-1.04524
-0.152503
-0.257574
-0.866209
-0.0141105
-0.635393
0.702138
-1.10849
-1.26238
-1.26162
-1.02022
-0.0202962
-0.285073
0.319036
0.418479
-0.976043
-0.085623
-1.18514
-0.750987
-0.79921
-0.667066
0.611712
-0.676845
0.440641
-1.1827
-1.53832
0.104397
-0.2299
0.321148
0.317842
-0.108177
-0.609547
-1.14648
-0.529421
0.705796
-0.148497
-0.919356
-0.937398
0.701782
-0.864054
-0.470559
-0.231428
-0.797049
-0.439019
-0.0912928
0.374152
-0.500054
-0.322334
-0.336991
0.141347
-1.35498
0.642726
-0.563537
-0.378273
-1.90939
0.729517
-1.0311
-0.134964
0.237755
-0.903238
-1.64999
0.592991
-1.20417
-0.0261648
-0.641374
0.00587449
-0.744917
0.0369721
-0.22703
0.117379
-1.09213
-1.00584
0.249701
-0.973639
0.580316
0.3002
0.115045
0.608405
0.449122
-0.11973
0.392199
0.573295
-1.15951
-0.645661
-0.0829619
-0.149291
0.256348
0.429158
-0.455505
-1.04136
-0.106809
0.373693
0.464118
0.467997
0.341839
0.136719
0.493791
0.333939
-1.18705
-1.16235
0.17504
-1.28786
-0.543406
-0.224433
-0.240988
-0.0995051
-0.603381
-0.835074
0.123726
0.434435
0.320488
0.119377
0.643481
-0.871558
-0.124324
-0.440672
0.358106
0.562119
0.168921
-0.688763
-0.334727
0.583099
0.507224
0.353414
-1.286
-1.06921
-0.169358
-0.652009
-0.730156
0.291888
-0.0635556
-0.839069
-0.393074
-0.482741
0.550168
-0.784365
-0.976897
0.123421
-0.346368
0.0886109
-0.0506167
-1.09377
-1.3899
-0.59355
0.197018
-0.841345
-0.813466
-0.70391
-1.04236
-0.933897
0.123281
0.726702
-0.504938
-0.281509
0.487916
-0.617892
0.642562
-1.14192
-1.07885
-0.0109693
0.184252
-0.954044
-0.176933
0.449109
-0.340934
-0.370856
-0.341314
-0.103718
-1.36889
-1.23072
0.456173
0.467919
-0.649359
-0.649139
0.254309
0.151457
-1.02447
-0.227167
-0.149381
-0.809965
-0.749292
-1.04785
-0.304817
-1.59868
-0.878562
0.293427
-0.615913
-1.22093
0.291432
-0.469893
-1.36415
-1.00843
0.223978
-0.235319
0.556615
0.631155
0.198316
-0.0741619
-1.07507
-0.459086
-1.11114
-0.526108
0.316742
0.296706
-0.290459
0.496668
-0.905382
-0.0186506
-0.915579
-1.18528
-1.41173
-0.45328
0.128438
-1.13888
-1.39198
-0.754606
-0.374384
0.157839
-1.04476
-0.763934
-0.346683
-1.35381
-0.71232
-1.2023
-1.42344
-1.35568
-2.0217
0.449921
0.46184
-0.587863
-0.571288
-0.876089
-0.564183
-0.275217
-0.248216
-0.123513
-1.22537
0.286179
0.434658
-0.593951
0.167398
0.0485978
-1.37517
-0.898858
-0.7223
-0.716312
-0.056802
0.0677726
-1.30492
0.107364
-0.991903
-1.49062
0.236504
-1.91103
-0.249599
-0.414436
-1.04606
-0.796687
0.336651
0.329578
-1.11938
-0.71374
-1.09912
0.239281
0.177295
-0.254725
0.571758
0.432356
-0.0899973
-1.17062
-1.43919
-1.82556
-0.848378
0.255576
-0.836606
-0.405263
-0.507535
0.124542
-1.21816
-0.00773463
-1.5057
-0.575208
-0.465103
-0.0794276
-0.369433
-0.62824
-0.703294
0.467153
-0.773511
0.297983
-1.02239
-0.703492
-0.0626332
0.432219
-0.683053
-0.877468
0.585492
-0.732478
-0.420265
-0.377328
0.0937103
0.0979878
-1.56256
-0.269275
0.417346
-0.191189
0.231231
0.421872
-0.300829
-0.418182
-0.787379
-0.580058
-0.969347
-0.991893
-0.0509648
-0.632695
-1.04642
-0.394821
-0.154613
-0.946968
-0.322497
-0.587189
-0.35669
-0.0602104
-0.849264
-1.0795
-0.371443
-1.35033
-0.424247
-0.0937259
-1.11699
-0.293758
-1.67298
-1.36771
-0.914278
0.00388998
-0.767477
-0.429056
-0.851093
-0.9863
-0.64723
0.181916
0.110535
-1.4544
-1.00435
-1.77961
0.229867
-1.59204
-1.16839
-0.315044
-1.35064
-0.568606
-0.735921
0.109623
-1.50448
-0.855986
-0.194199
-0.597369
-0.0679239
-0.922318
-0.785411
-1.29548
-0.354468
-0.507618
-0.852264
-0.080264
0.0574974
-0.723702
0.0549401
0.209146
-1.06322
-0.188039
-0.634664
-1.45861
-0.101968
0.223944
-0.46862
0.163461
-0.312739
0.413043
-1.36198
-0.96926
-1.24734
0.156365
-0.997735
-0.970115
-1.12864
-0.0412003
-0.96706
-0.754841
-2.06554
0.120551
-0.0342946
-0.859977
-1.34898
0.227113
-0.0414237
0.179742
-0.343047
-0.254057
0.441777
-0.480183
0.0924411
0.0757718
-0.820176
-0.64697
-0.244553
-0.700332
-0.139553
-0.516353
0.0484583
-0.384488
-0.657072
-0.280813
0.00548688
-1.07859
-1.17204
-1.60468
-0.542434
0.165986
-0.166775
-1.16581
0.0934163
-0.75047
0.192476
0.0833033
-1.69254
0.0988863
0.0810223
-0.371099
-1.41962
-0.952141
-0.20822
-0.487715
-0.850193
-0.372171
-0.07425
-1.10421
-0.429633
-0.194094
-0.614474
0.134131
-0.626044
-0.867006
-0.0145828
0.0197792
0.339022
0.201529
-0.178065
0.319272
-1.15736
-0.73339
0.442977
-1.11386
0.0894389
-1.4049
-0.100272
-0.0597908
-0.615999
-0.187218
-1.75672
-0.346441
0.177447
0.106794
-2.75001
0.137369
-1.00777
-0.812844
-0.52758
-0.462539
-1.61763
-0.409253
-0.322806
-0.0967771
0.354788
-0.193835
0.346766
0.431652
0.617288
0.565168
0.0081719
-1.36946
0.200557
-0.388806
-0.466988
-0.689525
0.241589
0.422895
0.224107
0.54305
-1.03006
0.0257676
0.65022
-1.23418
-1.22892
-0.494134
-0.863677
-0.321146
0.272401
-0.471569
-0.528476
-0.708297
0.349042
-1.03949
-0.651238
0.54048
-0.621799
0.416289
-0.766294
-1.10278
-0.270666
-0.583188
0.0546663
-1.24778
-0.396232
0.200625
-0.0332871
-0.0605883
0.61403
-0.511671
-1.49786
-0.447004
-1.0824
0.46521
-1.10341
-0.369044
-1.20529
0.43323
-1.24846
-1.08391
-0.182297
-0.0350776
-1.03026
-1.00984
-0.615123
-0.851104
-0.720576
-0.683797
-0.401633
-0.20777
-0.730971
-0.604753
0.165709
0.743009
0.722924
-0.617438
-0.951998
0.703299
-0.653887
-0.00155346
0.109878
0.380032
-0.546608
0.0528372
-0.936835
-0.846078
-1.03687
-0.00463154
-1.16199
-0.0664599
-0.0404396
-0.467577
0.0689457
-0.456303
-0.25483
0.505409
0.773401
-0.447245
-0.488455
0.580003
0.733113
-0.203423
-0.37618
-0.281588
0.0792869
0.38194
0.711723
0.638286
-0.166547
-1.25812
0.0470312
-0.681813
0.035094
-0.354335
0.827276
-0.531031
0.0371953
0.114363
-0.538798
-0.00898404
-1.083
0.0396408
-0.618615
-0.860524
0.47757
-0.1429
-0.458958
-0.0980597
0.622903
0.0658626
-0.918678
-0.894247
-0.289351
0.4192
0.792347
-1.06876
-0.2439
0.365499
-0.452525
-0.146419
0.654234
0.303905
-0.140071
-0.993919
-0.663876
-0.358033
0.163643
0.592994
-0.631631
-0.971701
-0.618755
-0.0151428
-0.231881
-0.489589
-1.68873
-1.26005
-1.09047
-0.498937
-0.981811
-0.758307
-0.228687
0.297564
-0.524687
0.218593
-0.487549
-1.39614
-0.782839
-0.561626
-0.365184
-0.84971
0.531997
-0.454696
0.180432
-0.172058
-1.3336
0.345698
0.342728
-0.118585
-1.41937
-1.2783
0.399817
0.341867
-1.20741
-0.797454
-0.684223
-0.491345
-0.901783
-0.131062
0.231747
-0.581608
-0.79122
-0.187484
0.422668
-1.57424
0.185542
0.230303
0.558929
-0.53535
-1.32883
-0.372071
0.536597
-0.165079
-1.74225
0.471035
-0.823568
-1.02337
-0.920323
0.404504
-1.08346
-1.06353
-0.671561
-1.20295
0.523714
0.0874464
-1.1016
-1.06043
-0.268303
-0.83538
0.157826
-1.01596
-1.05489
-0.147638
-0.0945139
0.0781998
0.332097
-1.07126
-0.627824
-1.11179
-1.34473
-1.01252
-0.951421
-0.402259
-0.363292
-0.962261
-0.993016
-1.02662
1.05283
-0.635678
-0.749554
0.705926
-0.0601935
0.148728
-1.48152
-0.905036
0.699274
-0.0786694
-0.388577
0.253643
-0.248936
-0.0418166
-0.446937
0.0222215
-0.0469447
-0.0703027
-0.930923
-0.0634388
-0.659907
0.417955
0.713443
0.328681
0.129026
-0.817341
-0.255832
0.437873
-0.384955
-1.03781
0.0955677
-0.771648
-0.0852488
-0.960853
0.213872
-0.0763292
-0.525122
-0.636383
-0.282527
-0.885416
0.084778
0.553139
-0.790278
-0.188169
-1.30171
0.568647
-0.766087
-1.13031
-0.33644
-0.354661
-1.05736
-0.4611
0.417942
0.576702
-1.42434
-0.0874129
-0.571399
-1.08338
-1.40457
-0.374015
-1.12074
-0.492597
-0.354509
-1.52069
-0.839082
-1.36007
-0.373831
0.168221
-0.149648
0.225001
0.731951
0.357231
-0.179579
0.022993
-0.725313
-1.39963
-0.0684888
0.170292
0.18162
-0.269701
0.228811
0.7413
-0.519156
-0.794942
-1.23798
0.50542
-2.17739
-0.734963
-0.384498
-0.746405
-1.13749
-1.30178
-1.80972
-0.328773
-0.741717
-0.824147
0.0144648
0.549753
-0.862149
-0.815715
-1.14373
0.603387
-0.257621
0.526669
-0.321883
-1.13259
0.00456252
-1.25491
0.199399
-0.0405358
-0.436965
-0.149403
0.377364
-0.710601
-0.444322
-0.294614
0.453332
-0.209091
0.561853
-0.718649
0.258826
-0.446734
-0.0333808
0.233135
-0.289468
-1.17957
-0.821125
-0.670116
-0.295966
-1.18588
0.243937
-0.256114
-0.489122
-0.112185
-1.18569
-0.822409
-1.1411
0.290086
-0.0689202
-1.23699
0.234879
0.0684849
-1.22111
-0.249932
-0.308694
0.456372
-0.641698
-1.4726
0.266821
-0.192093
-0.949588
0.476339
-0.160134
-0.443736
-0.523441
-0.483391
-1.27071
-0.446753
-1.36352
-1.29688
-0.128591
0.0271674
0.0610868
-1.12418
0.426646
-0.499616
-1.25741
-0.994796
0.197994
-0.841815
0.205154
-0.589756
0.236217
-0.634616
-0.732559
-0.910955
-1.07792
-0.847535
0.184572
0.117636
-0.10183
-1.82773
-0.210609
0.00936539
-0.230007
0.515402
0.197211
-0.878444
-0.980721
-0.126217
0.589409
-1.20341
0.31423
-0.896378
0.0284744
-0.169216
-0.740307
0.0583528
-0.0168652
-0.183617
-0.128437
-0.0555279
-0.0210643
-0.478745
-1.04502
0.000718523
-0.299771
-1.09654
-0.803356
-0.509531
0.431839
-1.06601
-0.303063
-0.214534
0.0392355
-1.69591
-1.45825
0.786
-1.3565
0.730074
0.141901
-1.70189
-1.12532
-0.242822
-0.533141
-0.19913
0.206826
0.0471567
-0.247822
-0.820417
0.0933374
-0.0583961
-0.672154
-0.0257102
-0.761723
-1.01673
-0.179455
-1.17767
-0.861892
-0.605411
0.339785
0.339738
-1.51119
0.46349
0.0798141
-0.832611
-0.133898
-0.507815
-0.991265
0.164329
-2.752
0.497882
0.134555
-0.891874
-0.918741
-1.13778
-0.525119
0.479078
-0.180212
-0.178962
0.0874342
0.228162
0.534301
0.622623
-0.560692
0.689987
-1.28546
-0.405366
-0.60636
0.571376
-0.398458
-0.856071
0.0840493
-0.109429
-1.34477
0.509467
-1.03508
-1.01236
0.118835
-1.19506
-0.351553
-0.152662
-0.915323
-0.0892722
-1.13644
-0.674932
-0.529425
0.444314
-0.834531
-0.333008
-0.40573
-0.267209
-0.898428
0.172791
-0.191804
0.442827
-0.507578
-0.0322038
-1.23204
-1.33479
-0.600556
0.443934
-0.291589
-0.543025
-1.05558
0.377542
-0.661654
-0.15424
0.546362
-0.575549
-0.631542
-0.802847
-0.869589
0.690154
-0.891392
-0.618695
-1.11351
-0.244847
-1.12277
-0.997831
-1.1838
-1.6138
-0.991871
-0.512866
-1.82899
-1.26176
-0.666241
-0.338142
-0.101823
0.199866
-0.0656327
-0.263317
0.321335
0.821483
-0.950872
0.208641
-0.0556142
-0.66744
-0.0819783
-0.175747
-0.866434
0.0257266
-1.21118
0.233808
-0.978393
-0.984833
-0.578472
-0.750336
-0.999499
-0.0709743
0.216718
-0.434076
0.158941
-1.23132
-0.18185
-1.345
-0.288145
-0.0796957
-0.301235
-1.34014
0.316716
-0.822933
-0.839302
-0.654374
-1.172
-0.25574
-0.398791
0.151237
-1.02448
-0.0231579
0.134644
-0.811244
0.040616
-0.374418
0.548739
-1.97004
-0.439803
-1.50702
0.412973
-1.7274
-1.3909
0.478533
-0.993476
-0.12692
0.0717828
-0.538012
-1.64917
-0.845151
-0.0160832
-0.364384
-0.144575
0.341532
0.564636
-1.12777
-1.23608
0.0542155
-0.806226
0.610767
0.320316
0.182464
0.350424
0.0378508
-0.786232
0.101657
-0.645449
-0.619346
-1.60728
0.364066
0.329438
0.384034
-0.858569
-0.212389
0.373929
-1.04779
0.586918
-0.678369
-1.28547
-1.54895
-0.598779
0.0544859
-1.12461
0.106826
-1.39064
-1.1772
-1.15581
-0.56722
-1.12532
-0.0316987
0.626813
-0.685416
-0.403019
0.294683
0.197078
0.443264
-0.316042
-0.291097
-1.02827
-0.0607696
-1.38826
0.693225
0.00494574
-1.99364
-0.10056
-0.989175
-0.851836
0.105154
-1.37119
-0.682199
-0.17662
-0.632516
-0.115882
-0.56765
0.313107
-0.808115
-0.268951
-1.21236
-1.08035
-0.540755
-1.83352
-1.92506
0.585101
-0.574795
0.287949
0.0198488
-1.55133
-0.516613
0.180854
-1.44177
-0.459161
-1.10611
-0.829844
-0.777377
-1.1666
-1.35953
-0.782492
-0.3069
-0.63535
-0.497882
-0.198198
0.244247
-0.49051
0.81915
0.566669
-1.34461
-1.00928
-0.774631
-0.786914
-0.495207
-0.0335151
0.680898
0.545602
0.174205
-0.0419021
-0.433696
-0.977141
-0.519573
-0.102016
-0.702157
-1.06149
-1.20032
0.712437
0.47951
-0.205679
-0.436072
-0.174651
0.68425
-0.868087
-1.04626
-0.53123
0.231214
0.113131
-1.121
-0.496351
0.133949
-0.782554
-0.31217
0.0358021
0.476227
-1.155
-0.642155
0.529535
-0.399462
-1.00743
-1.7264
0.188267
-0.946424
-0.322893
-0.0489021
-1.40665
-0.836236
-0.77993
-1.12844
-1.19301
-0.371448
0.36542
-0.76058
0.370695
0.518675
-0.764048
-0.618809
-0.851953
-1.35115
-0.972243
0.276027
-1.00532
-0.214392
-1.71607
-0.847496
-0.156991
-1.01433
-0.895492
0.022694
0.331167
0.125214
0.193573
-0.36228
-0.803354
-0.174768
-0.242188
0.789577
-0.341953
-0.368464
0.234477
-0.0614019
-1.24957
-0.626274
-0.846762
-0.753354
-0.755727
-0.360447
-0.833584
-0.829475
-0.896394
-0.632609
2.16626
0.370301
2.23894
0.779189
3.08036
-0.675383
1.33405
0.529801
-0.87587
-0.363802
1.72628
0.540995
1.20465
0.00878199
0.258601
0.110135
0.403108
0.329091
-0.172417
0.345974
1.63115
0.54103
-0.109442
-0.134081
0.551839
2.26276
0.456684
0.494847
0.685805
0.0834501
0.638227
0.0588987
0.662675
0.472968
0.529603
0.520776
0.875595
0.637673
0.730047
1.46611
0.832924
0.995608
-0.717617
0.4519
0.567859
-0.700389
-0.794207
1.24352
2.13171
-0.135561
-0.36636
2.31739
0.855142
-0.63531
1.35974
-0.500695
-0.0794144
0.521862
1.3102
1.90141
1.60815
0.092534
-0.0790974
0.823269
0.017793
0.478551
1.83063
-0.19352
1.16802
-0.258021
-0.902948
0.437319
1.01643
0.362035
0.184582
0.785071
0.779932
0.414241
1.33387
-1.22442
0.6003
-1.11242
-1.26565
-0.933949
0.580107
-0.0118572
-1.91018
0.372054
-0.395383
0.508307
0.312307
-0.414333
-2.20918
-1.0504
-0.347425
0.017462
0.0397904
-1.2404
0.682636
0.0887172
-0.365429
0.646379
-0.179295
0.291379
-0.168792
0.348979
0.22289
0.162405
0.20613
-0.842647
-0.825357
-1.0877
-0.0942095
-0.687805
0.635508
0.16062
-0.731389
-0.587428
-0.930781
0.362389
-0.24414
-2.05556
-0.118967
-0.072549
-0.0457461
-1.11441
-0.956769
-0.964524
-0.414827
-0.170512
-1.96062
0.168213
-0.93694
-0.946699
-0.439998
-0.253611
0.246526
0.515861
-0.037623
0.1764
-1.21923
0.0771137
-0.88502
0.0222026
0.113308
0.20909
-0.260462
-0.974218
-0.193835
-0.255604
-0.424445
-1.03706
0.089618
-0.689696
-0.331497
0.215477
0.20675
0.289624
-0.525427
0.0884509
-1.9578
-0.354544
-0.319011
-0.848625
-0.815162
-0.95559
0.471552
-0.211894
0.0160712
-0.528147
-1.2674
-1.1244
-1.08817
-1.08583
0.118308
-0.576534
-0.100315
0.413065
-0.0158707
-0.556298
-0.307118
-1.21387
0.712558
-0.682617
0.3312
-1.23442
-0.517674
-0.570189
-0.789995
-1.55638
-0.60215
-0.876687
0.501003
-0.629196
-0.0632743
-1.04692
-0.505719
-1.12028
-0.549406
-0.857483
0.187931
-1.16374
-0.883976
-1.05647
-0.35678
-0.274557
-0.86807
-0.443191
-0.5802
-0.234243
-1.13375
-1.28901
0.00535236
-1.55874
0.678664
-0.319337
-0.153671
-0.413924
-0.894469
-0.778132
-1.02449
-0.597625
-1.55519
-0.770445
-0.653097
-0.410189
-0.153283
-0.724453
0.464424
-1.69678
-1.42647
-0.806587
0.0917422
-0.0238122
-0.467715
-0.947718
-0.878249
-0.91948
-1.21727
-0.0952029
-0.750421
-1.29104
-1.65507
-1.05745
0.122472
-1.13727
-0.66433
0.401871
-0.791705
-0.982557
-0.425773
0.315294
-1.40321
-0.856477
-0.0624704
0.464427
0.0713529
0.395723
-0.526909
-0.816666
0.430532
0.775338
-1.14801
-0.972851
0.333472
0.375569
-1.39604
-0.0105769
0.248792
0.555543
-0.00865266
0.0356729
0.266206
0.221001
0.631039
0.0537817
-0.144463
-0.355233
0.330703
0.391634
-0.594315
-0.223489
-1.3878
0.382352
0.395691
-0.527753
0.275321
0.0522889
0.132091
-0.292359
-0.00443416
-0.108398
-0.563366
-1.75322
-0.47356
-0.747583
-0.401077
-0.973929
0.375543
0.23623
-0.330349
0.225757
0.0785809
-0.15885
-0.387025
0.392711
-0.38701
0.266104
-0.0429912
-0.128879
0.0168922
-0.0350551
0.089289
-0.768986
-0.187812
-0.170512
-0.0125713
-0.445739
-0.546332
-1.17728
-0.169263
-0.0975008
-0.819679
-1.01303
-0.590776
-0.742781
0.542782
-0.723233
0.803668
0.0991698
-1.3966
-0.360272
0.992615
0.542448
0.150264
-0.912067
-1.24306
0.876931
-1.25092
-0.802865
0.652321
0.407559
-0.971724
0.168231
-0.866781
0.130834
0.451197
0.463082
-0.862844
-0.749986
0.50055
-1.02675
-1.2217
-0.287337
-0.0934548
-0.036989
0.0853376
-0.926857
-0.220459
-0.51808
-0.908876
-0.964292
0.198698
-0.92002
-0.50751
-1.2435
0.664446
-0.980711
-1.63548
0.522119
-0.189721
-0.0564034
-0.518871
-0.614737
-0.953537
-1.2393
-1.00271
-1.40205
0.306719
-1.17313
0.523999
-0.3446
-0.0437962
0.770285
0.412409
-0.379596
0.243759
-0.780824
0.123745
0.0231202
-1.38192
-0.970822
-0.253507
0.110018
-0.587075
0.192216
-0.188638
-0.423201
-0.2892
0.596071
-1.12978
-1.32713
0.256122
-0.531583
0.377282
0.0114473
-1.1775
0.204985
0.358773
-0.155286
-0.362783
0.0227636
-0.359248
0.298542
0.250228
0.456255
-1.35132
-0.843909
0.437514
-0.023393
0.168437
0.446977
-1.25238
0.158999
-1.06223
-0.104863
0.357494
-1.5848
0.28178
-0.527464
-0.850932
-0.538484
-0.168209
-0.130445
-1.25666
-0.868207
-1.06138
-0.143095
0.0316461
-0.404545
0.491514
-1.09797
-0.682466
0.163366
-0.572597
-0.821109
-1.50006
-0.504762
0.951022
0.142747
-0.381096
-1.48277
0.487469
-0.12222
-0.624577
0.0709845
-0.0374291
-1.05485
-0.141642
-1.36367
-0.507449
-1.31698
-1.37149
-0.00958571
-0.185953
-0.415718
0.0738576
-0.432229
-0.852609
-0.620491
-0.014411
-0.659926
0.0394843
-1.0622
0.561848
-0.436973
-1.33232
0.543679
-0.557884
0.34657
0.564572
-0.643864
-1.0878
-0.987752
-0.00337711
-0.196373
-0.770756
-0.704861
-1.15192
0.605747
0.177708
0.272361
0.349964
0.148552
0.0162189
-0.760624
-0.197418
0.363595
0.196141
0.432486
-0.207237
-0.714356
-1.33976
-0.183141
-0.570356
-0.49047
-1.02605
-0.197191
0.422792
-1.44093
-0.0180932
-0.573978
-0.50685
0.21272
-0.190274
-0.311057
-0.404584
-0.363849
0.413678
-0.210947
-0.658407
-0.242595
0.387217
-0.329181
-0.64305
-1.14289
0.0311349
-0.40704
-0.0619183
-0.559195
0.470181
0.188645
-0.821718
-0.662429
0.300434
0.00827357
-0.715176
0.0715595
-0.193547
-1.70246
-0.0104453
-0.505428
-0.953377
-1.34948
-0.556197
0.166131
-0.102022
-0.278446
0.195681
-1.15758
-0.9675
-1.10331
-0.179998
0.229562
-0.321323
0.216108
-0.445471
-0.994262
-0.723942
-0.342628
-1.01163
-0.951708
0.161029
-0.820898
-0.515792
-0.193043
0.437388
-1.25117
0.378255
-0.953781
-1.61662
0.830377
-0.455555
-0.326943
0.844406
0.253825
-0.662366
0.188155
-0.513387
0.949
-0.603137
-0.0151015
-0.464869
-0.385501
-0.684629
-0.0495867
0.53819
-0.177597
-0.513349
-0.477907
-0.955766
-0.686515
-0.834577
-0.838028
0.116389
0.102197
0.21142
-0.423375
-0.393915
-1.28971
-0.585273
0.661521
0.147993
-0.27938
0.210172
-1.62754
-0.657406
-0.0499355
-0.930548
-0.332912
-1.47192
-1.20688
-0.610486
-1.32253
-0.781078
-0.860799
0.0645486
0.3911
-0.316345
0.016977
-0.79114
-1.46391
0.139305
-0.533882
-0.619851
-0.543961
-1.1061
-0.588675
-0.65883
0.612845
-0.395341
0.175202
-1.36884
-0.54455
-1.03773
0.766222
-0.25699
-0.818092
0.249318
-1.51038
0.0694789
0.373792
-0.48571
-0.621743
0.0330334
-0.124155
0.587851
-0.0293518
0.105621
-1.23259
0.723299
-0.0787911
-1.59353
0.755651
-0.115892
0.853518
-1.15285
0.00872833
-0.318611
0.192531
-2.45561
-0.0364737
-1.13482
-1.18934
0.200075
-0.461497
-1.78101
-1.155
-1.01189
0.373345
-0.0107868
0.431376
0.323613
-1.13846
-1.00505
-0.0327086
-1.1552
-0.198958
-1.13003
-0.213507
0.0722568
-1.02101
-0.527304
-0.682287
0.614136
-0.425882
-0.455729
0.623278
-0.545727
-0.921204
-0.299628
0.635397
0.114051
0.355758
-0.232317
-0.645654
0.534719
0.0528636
-0.156604
-0.785499
-0.0376313
-0.79817
0.480465
-1.3885
-1.30721
0.336278
-1.15834
0.348489
-1.1049
-0.160895
-1.28236
-0.249598
0.390898
-1.19591
-0.780887
-0.550054
0.0965449
0.60586
0.724745
-0.401326
0.260108
0.235417
0.496706
0.45741
0.373208
0.460414
0.194785
-0.796007
-0.20721
-1.0713
0.488639
-0.956483
0.465436
-0.125386
-0.484882
-0.544455
-0.481174
-0.6287
-1.05957
-0.00475378
-0.494974
0.451282
-1.76518
0.460973
0.0159979
-1.10201
-0.410171
-1.08155
-1.00955
-0.579768
-0.770122
-1.01314
-0.17713
-0.241119
0.790621
-0.0254112
-0.751725
0.892421
-0.562403
-0.856286
-0.903085
-0.294284
0.5543
-0.51579
0.509255
-0.383359
0.0100143
-0.997005
-0.621994
-0.926999
0.412211
-0.201019
0.377761
-0.989626
-0.749029
0.0349024
-0.0760991
-0.402892
0.721894
0.687737
-0.518446
0.163385
-0.590295
-1.15795
-0.292136
-0.989365
0.289821
-0.72272
-0.363849
-1.16139
-0.0912204
-0.916307
-1.28985
-0.843669
-0.680633
0.0575606
-0.0760334
-0.579742
-0.899591
-0.291279
-0.222993
-0.210512
-0.993857
-1.43939
-0.90822
0.0399054
-0.727611
0.255186
-0.266415
0.424853
0.670561
0.0137851
0.474382
0.560496
-0.917538
-1.18673
-1.41742
-1.11197
-0.166292
-0.742178
-1.29782
-0.0758854
-0.761993
-0.713884
-1.16046
-0.240374
-1.51417
-1.06725
-1.19479
-0.642467
-1.37358
-0.575709
-1.38455
0.701959
0.377331
0.389719
-0.382715
-1.24293
-1.10755
-1.04207
-0.0108159
-0.794915
-0.716508
-0.883665
-0.217081
0.203414
-0.683982
-0.95355
0.2362
-0.668189
-0.138203
-0.00291247
-0.228734
-1.12003
-1.13903
-0.093003
0.424134
-0.940282
-0.775188
-1.30248
0.0961309
-1.32201
-1.18393
-1.32302
-0.188779
-0.31992
-0.971085
-0.608777
-0.500656
0.13151
-0.0347942
-1.23017
-0.393161
-0.399284
-0.654015
0.569816
0.209421
-0.564994
-0.861458
-0.3164
-0.816866
-1.05279
-1.06801
-0.717845
0.0900009
-0.554008
-1.02619
0.471725
-0.751653
-0.589018
-0.415156
-0.418637
-1.15585
-1.26569
-1.3651
-0.588501
-1.12976
-1.30991
-1.03264
0.234355
-1.22272
-0.57788
-1.07646
0.25263
-1.08411
0.434738
-1.67751
0.446777
0.410188
-0.968557
0.353456
-0.933376
-0.864236
0.185435
-1.00765
-0.575495
-0.600585
-0.811924
-0.70256
-1.276
-0.652308
0.64353
-0.670291
0.135689
0.541997
0.218512
-0.134953
-1.4192
0.445616
-1.34899
-1.2626
0.466217
-1.14233
-1.17638
-0.273314
-0.643372
-0.492987
0.106334
-1.37762
-0.609695
-1.12242
-0.0350902
0.292004
0.0495033
-0.308053
-0.209085
-0.0133681
0.38137
0.156801
-0.667024
-0.876991
-1.07625
-0.169358
-0.410936
0.266307
-0.171833
0.162181
-0.388883
0.551713
-0.487331
-0.478636
0.244511
-1.18087
-1.36495
-1.1947
-1.28036
-0.0434423
0.134881
-0.906461
0.448609
0.107814
-1.35166
-0.0838574
-1.05509
-0.531896
-0.831187
-0.908813
-0.67299
0.0899303
-0.301105
-1.57235
-0.626555
0.331088
0.613545
0.0319951
1.23874
-1.63066
1.07985
0.70553
0.994502
0.162401
-0.224204
0.778651
0.282683
0.114588
0.665541
0.662253
0.322349
-0.183137
0.413567
0.0210085
-0.790071
0.687872
-0.817552
-1.37237
1.01277
0.148766
0.323673
-0.246715
-0.863137
-0.611927
-0.96773
-0.762427
0.388155
-0.159518
-0.314334
-0.512401
-0.533436
0.919432
0.180228
-0.273571
-0.995444
0.387136
0.266288
-1.0944
-0.93955
1.56181
0.5979
-0.816297
0.0217725
1.4249
-0.420168
-0.997939
-0.238411
-0.0964874
0.0828154
-0.251799
0.821396
0.0309005
0.140006
0.673076
0.569545
-1.35031
-1.52296
-0.215505
0.621565
1.06879
0.386107
1.55519
-0.235127
-0.857622
0.502771
0.0737554
0.542408
0.169914
0.729795
-1.07324
-0.672552
-0.617178
-0.532965
-0.392218
0.680718
0.273283
1.32511
0.871048
0.29219
-1.06889
0.146714
-0.962508
-0.514638
-1.02749
-1.03938
0.184234
0.127395
-0.450052
0.634136
-1.48055
-0.876841
-1.78892
0.0992254
-0.378934
0.0204332
-0.617446
0.372408
-1.10844
-1.07457
0.0401016
0.177324
0.462667
0.0369927
-0.552287
-0.753335
-0.666021
-1.19017
0.399851
0.0101784
-0.410763
0.315671
0.585412
-1.1054
-0.498029
-0.655269
-0.0460166
-0.479978
-0.0858045
-0.617167
-0.0214918
-0.924242
-0.443238
0.500987
-0.74802
0.377376
-0.000573455
-0.49559
-0.83552
-0.487718
-0.0533695
-1.30073
-1.30781
-0.469208
0.182299
-1.10762
0.360074
-0.321563
-0.203668
0.0389207
-1.01765
-1.38471
0.209841
-1.42348
-0.489533
-0.309984
-0.74574
-0.859496
0.38073
0.320305
0.438569
0.365991
-0.192613
-0.222529
0.632852
-1.24234
-1.29935
-0.641766
-0.796644
-0.880736
-0.578038
0.684063
-0.111113
-1.14228
-0.420953
-0.742481
-0.657635
-0.382666
-0.428116
-0.80173
-0.0339244
0.567236
-0.705738
0.393509
0.0513132
-0.646094
-0.312679
-0.219168
-0.369304
-0.284593
-1.25922
-1.27092
0.331649
-1.36202
-0.886718
-0.448379
-1.24061
-0.0653718
-0.830569
0.254426
-1.03366
-0.307475
-0.593942
-0.686056
-0.782589
0.120855
-0.989558
0.454381
0.17462
0.43203
-0.0470069
-1.07265
0.298254
-1.20297
-0.722896
-0.448924
0.257692
-0.676518
0.332979
-0.463361
0.590828
-1.28526
0.512692
0.643353
0.501562
0.614808
0.0992717
-1.24765
0.494993
-1.05207
-1.05205
-0.462229
-0.205126
-0.120389
-0.349487
-0.527801
-0.279338
-1.41029
0.838897
0.60385
-0.139368
-0.98419
0.51759
-0.434911
0.381065
-0.588021
-0.514907
-0.0203658
-0.174954
-1.03254
-1.18567
-1.21436
-0.389914
0.306771
-0.253181
-0.462568
0.1943
-0.535997
-0.759134
-0.804437
-1.1111
-0.48742
0.956336
-0.075298
-0.820598
0.636333
-0.482452
-0.360739
0.220776
0.29931
-0.614036
-1.76645
0.825559
0.942125
0.149813
-0.075859
-0.496102
0.742756
0.8791
-0.241153
0.716016
-0.784565
-0.304997
-0.209873
1.0588
-1.56813
0.958432
-0.173878
-0.0719728
0.0665021
-0.764881
-1.47413
-0.785457
-1.2226
-0.942558
0.648317
-0.396936
0.123918
0.222317
-0.196447
0.569014
-1.81806
-1.07799
-0.897393
0.147877
-1.31033
-1.25568
-0.761813
-1.49534
0.251904
0.113105
-1.54567
-0.516792
-1.34732
-0.365928
-0.0109255
-0.710926
-0.887768
0.267489
-1.79142
0.168838
-0.637336
-0.499719
-0.343739
-0.604443
0.726326
0.480516
0.527702
0.765208
-0.964875
-0.790191
0.938632
-1.26302
-0.596359
0.322053
-0.217407
2.7684
-0.150965
1.18805
0.332458
0.518046
0.0429464
0.286218
-0.11767
0.168574
0.705756
0.258644
0.25698
-0.154476
-0.0249771
0.930216
0.0154609
0.725119
-0.774531
0.222146
1.26428
-0.759198
-0.0270526
-0.425115
0.0258588
-0.0386465
0.753697
-0.994902
0.238548
-0.653139
-0.184885
-0.0215081
0.496089
0.552738
0.533102
0.323044
1.15473
0.120406
0.834833
0.890733
0.370417
0.210149
0.254489
-0.430488
0.136057
0.698599
0.9688
0.260829
0.591151
0.121548
-0.514367
-0.130219
-0.275131
0.610645
0.241636
0.234689
-0.535504
0.550222
0.195047
-0.986899
0.619913
0.353438
0.268009
0.0872051
0.934106
0.554103
0.145474
0.875419
0.519829
0.555314
0.135768
0.804915
0.655453
0.18506
0.569966
0.832893
0.644653
0.765671
-0.461425
1.31391
0.588246
-0.219622
0.700444
1.01318
0.410373
1.46926
-0.0655792
-0.629325
0.391337
0.462517
0.136935
0.187792
0.408107
0.000942463
0.588434
-0.684271
-0.0832579
0.747391
-0.00841301
0.466738
-0.965799
-0.281685
1.49036
-0.489581
0.114976
-0.0372887
0.320702
-0.832688
0.920343
-0.191654
0.199655
1.29215
0.108516
-4.29807e-05
0.859129
-0.557941
0.989693
0.530883
0.883176
-0.00409738
0.756724
0.551223
0.745571
-0.0856753
0.658809
-0.492876
0.33415
0.462698
1.02661
-0.0135599
0.88077
0.330182
0.322885
0.0576862
0.599822
1.01058
0.686766
0.415852
-0.325513
-0.543603
0.318819
-0.210975
1.18607
0.0117867
0.712261
-0.755331
0.273503
0.897412
-0.0293236
0.475838
0.54548
0.848674
0.273291
1.17548
0.471487
0.48724
1.30157
0.266436
-0.533529
-0.592543
-0.67326
-0.150083
-0.726518
-0.124588
0.634481
0.578453
0.250273
1.00556
0.167238
-0.068498
0.412505
0.246803
-0.184837
0.675316
0.347432
0.607639
1.07901
0.187322
0.203705
0.890652
0.0117392
-0.324888
0.592621
0.823852
0.943352
-0.290195
0.846002
0.155597
0.523402
0.279309
1.30325
-0.367394
0.824142
0.212125
0.430062
0.399052
0.873183
-0.603738
1.29949
0.355478
0.792206
-0.83662
1.01317
1.00785
-0.870372
0.0615176
0.970594
-0.887147
0.13323
0.354331
0.769289
0.335709
0.311088
0.483443
-0.660658
0.477006
-0.576505
0.383192
0.271574
0.862562
0.339072
0.432942
0.34463
-0.968013
0.89628
0.107996
0.564356
0.67173
0.609229
0.841589
0.344364
0.454338
0.35553
0.898712
0.557421
0.798808
0.0821852
0.819971
1.19534
-0.0882335
-0.246835
0.550633
-0.781164
1.4931
0.413105
0.230787
0.652209
1.05312
-0.189403
1.41458
-0.28143
-0.6486
-0.0652667
0.509981
-0.069214
0.762939
1.28892
1.41297
0.575381
-0.866772
-0.631326
0.62549
0.201288
-0.268805
-0.813406
0.560005
1.15807
-0.42234
0.965526
0.812625
0.0891886
-0.840237
1.31487
-0.755433
0.280849
0.653003
0.318551
0.652125
0.977255
-0.706724
0.44586
0.760621
1.73541
-0.765396
0.705958
1.17099
-0.766763
0.729969
0.501656
-0.542102
0.211527
0.891809
0.898783
0.690192
0.713825
0.25702
-0.666715
-0.110825
0.37646
1.06749
-0.714669
0.773657
-0.79936
-0.86358
0.853299
-0.315128
1.08638
-0.388375
0.270597
-0.458425
0.706277
0.616486
1.21341
0.419066
0.393987
0.796116
0.351399
1.19233
0.302155
0.641143
0.47274
-0.85191
-0.423519
-0.268813
-0.299006
0.184928
-0.121256
-0.0383358
1.15898
0.682349
-0.33998
0.157737
0.664244
0.520232
0.193687
0.349002
0.00437099
0.59532
0.384543
0.218384
0.0158028
-0.705204
-0.103719
0.735532
0.645686
-0.0812167
0.40535
-0.558587
0.802869
0.510443
0.104055
0.624356
0.103051
0.774404
1.09187
-0.0222292
0.632144
0.0147681
-0.186965
0.172401
0.145778
0.417789
0.79357
0.447735
0.812321
0.435021
0.438078
0.979632
-0.759721
-0.240726
-0.179918
0.623659
0.507912
0.445581
0.549974
0.264915
-0.00781988
-0.424046
0.0748066
-0.0863519
0.119168
0.097664
0.638287
0.207971
-0.000589194
-0.875915
0.288549
-0.397932
1.23331
-0.186797
0.282157
-0.0647295
0.417227
0.440293
0.660385
0.218477
0.119052
0.0577139
-0.409794
0.717837
0.589221
-0.328221
0.845036
-0.292281
0.133451
-0.271903
0.616091
-0.189943
-0.176652
0.194965
0.587306
1.37826
-0.778221
0.999243
-0.810322
-0.676954
0.727025
0.322128
-0.271414
0.671798
1.97338
0.854902
1.8957
0.200118
-0.775318
1.53697
0.708665
0.327222
-1.05779
0.144574
1.5977
-0.513821
1.46068
0.121355
0.146292
-0.640351
1.87422
-0.755312
0.720728
-0.0804701
0.771397
0.36515
1.25018
-1.12659
-0.097996
-0.201916
2.06856
-0.655571
0.64377
0.904735
0.544404
1.19959
0.399879
0.692885
-0.147044
0.695045
0.60885
1.09088
0.843454
0.297568
-0.807597
0.539718
-0.285323
0.889269
-0.82925
1.10546
-0.712571
0.148461
0.879012
0.117876
1.6569
-0.0892734
1.00784
-0.972181
1.33704
1.4285
0.372621
0.116501
-0.0767272
1.59421
0.205199
1.52914
1.11149
0.953432
1.31444
-1.06284
-0.553856
0.225596
-0.877914
0.742065
-0.257441
0.153936
0.989742
1.44336
0.0907499
1.06833
-0.519718
-0.0770358
0.44992
0.954017
0.625176
0.88698
0.556004
0.603249
1.13776
0.570006
-0.0293481
-0.0197621
0.435077
-0.14976
-0.0493565
0.356071
0.627906
-0.00500443
-0.24495
-0.508111
0.22905
0.471488
1.46723
0.462623
0.0168532
0.111255
0.331225
0.0916603
0.887541
-0.426076
0.718069
0.501979
0.708233
-0.317366
1.56284
1.1698
-0.347618
1.22246
0.655478
-0.816196
0.387826
0.981949
0.252318
0.156398
0.653549
-0.00276017
-0.249901
0.101673
0.898014
-0.225276
-0.352734
0.915415
-0.397959
-0.8071
-0.143878
-0.217604
0.603393
0.0523266
0.28326
-0.58004
0.796934
0.563772
0.763552
0.18408
0.608235
0.832139
0.173354
1.11981
0.804868
0.782873
0.585838
0.835325
0.199365
0.454851
-0.764203
-0.0455223
-0.697718
-0.013565
0.478024
0.0382809
0.617838
1.08431
0.397214
0.783641
0.772267
1.08678
0.207392
0.558682
0.957166
0.178849
0.803392
0.588718
0.621025
0.6618
-0.187088
0.0341175
0.504604
0.505107
1.03148
-0.00307481
0.307806
0.32369
0.471204
0.437215
0.868452
-0.206996
0.964341
-0.0181257
-0.0959949
0.519953
0.501928
0.166955
0.31648
0.151519
1.0775
0.014976
1.16274
0.97973
-0.437683
0.174021
-0.0859582
-0.0177202
-0.238734
0.140325
0.195438
-0.16121
0.216501
0.0837809
-0.165614
0.323819
-0.358943
0.928142
0.0365866
0.679653
0.542095
0.854157
0.652011
-0.00539506
1.03001
-0.281774
0.762367
-0.912162
1.14
0.684457
0.829489
0.497081
0.358831
0.810928
0.00359629
0.803527
0.0737315
0.698468
0.749429
-0.406529
-0.405139
-0.213422
0.0268912
0.540961
0.159017
0.652479
0.659985
0.80229
1.08358
0.804901
0.0748419
-0.613458
-0.0334548
0.115977
-0.112486
0.707321
0.840827
1.21292
1.38969
-0.964977
-0.965032
1.19741
0.138773
-0.745265
-0.928639
0.500989
0.910622
0.328139
0.291256
0.113446
-0.300976
-0.650979
0.930195
-0.891216
0.519789
0.227152
-0.301378
-0.150718
1.18328
-1.05667
0.466713
0.567142
1.11857
0.299373
1.54782
0.391065
-1.05025
0.44943
0.256016
-0.788065
0.189037
0.281553
1.09098
0.261873
0.277834
0.195746
-0.0721574
0.640049
-0.645408
0.54699
-0.805393
-0.0284995
-0.192076
-0.830042
0.285142
-0.917213
0.397088
-0.0773601
0.308977
0.143076
1.09952
0.995433
0.633901
0.757441
0.706892
1.13058
0.326853
1.05455
0.0947792
0.0999985
1.00004
-0.0871276
0.492735
-0.713068
-0.31385
0.294821
0.0274093
0.179146
0.703246
